MutationType	V1	V2	V3	V4	V5	V6	V7	V8	V9	V10	V11	V12	V13	V14	V15	V16	V17	V18	V19	V20	V21	V22	V23	V24	V25	V26	V27	V28	V29	V30	V31	V32	V33	V34	V35	V36	V37	V38	V39	V40	V41	V42	V43	V44	V45	V46	V47	V48	V49	V50	V51	V52	V53	V54	V55	V56	V57	V58	V59	V60	V61	V62	V63	V64	V65	V66	V67	V68	V69	V70	V71	V72	V73	V74	V75	V76	V77	V78	V79	V80	V81	V82	V83	V84	V85	V86	V87	V88	V89	V90	V91	V92	V93	V94	V95	V96	V97	V98	V99	V100
1:Del:C:0	16	3	26	2	25	27	27	1	3	11	76	11	4	5	13	20	11	2	3	13	16	21	2	21	59	31	1	0	97	21	1	31	3	2	12	5	15	14	6	30	1	33	5	11	17	6	17	0	75	16	21	16	1	6	2	18	1	3	11	105	15	4	55	21	52	0	48	0	33	5	3	22	113	3	4	6	26	1	45	5	38	9	29	9	26	0	1	5	9	89	48	4	21	1	10	1	82	6	14	3
1:Del:C:1	1	0	3	2	13	12	8	0	1	8	26	8	1	0	2	1	6	3	0	10	4	11	4	3	8	7	0	0	12	10	0	4	2	0	5	4	12	6	4	6	3	8	2	3	3	5	19	12	18	19	15	2	2	2	0	8	2	0	4	16	7	3	9	9	7	0	20	0	5	2	1	9	19	1	2	4	11	1	11	1	16	3	3	7	10	0	1	2	5	19	7	0	4	0	1	1	26	3	8	0
1:Del:C:2	0	0	1	2	0	0	0	0	0	0	0	0	0	0	0	0	0	0	0	0	1	1	1	1	2	1	0	0	0	0	0	0	0	0	0	0	0	0	0	0	0	0	0	0	1	0	0	0	1	1	2	0	0	2	0	0	0	0	0	0	0	0	2	0	0	0	1	0	0	0	0	0	0	0	0	0	0	1	1	1	1	2	2	0	0	0	0	0	0	1	0	0	2	0	1	0	1	0	1	0
1:Del:C:3	0	0	1	1	4	1	1	0	2	2	2	0	0	1	0	2	0	0	0	1	1	1	1	0	4	0	0	0	1	2	0	0	0	0	4	0	4	0	1	1	1	0	2	2	2	1	2	2	3	1	3	1	1	0	2	2	0	2	1	2	3	1	2	1	1	0	4	0	4	1	0	0	3	0	0	0	1	0	1	1	1	0	2	1	1	0	1	0	2	1	1	0	1	1	1	0	3	0	2	0
1:Del:C:4	3	1	0	0	2	1	0	0	1	0	3	1	2	0	1	0	0	0	0	1	3	3	1	1	1	2	0	0	1	0	0	1	1	1	0	0	2	0	0	0	0	0	0	1	2	0	0	2	9	0	2	2	0	0	0	2	0	1	0	7	0	0	2	0	1	0	8	0	0	0	0	2	2	1	0	0	0	0	0	0	1	2	1	2	0	0	1	1	0	3	5	0	0	0	1	0	6	0	0	2
1:Del:C:5	0	0	2	0	1	0	3	0	0	1	0	0	0	0	0	0	0	0	1	0	0	0	0	2	0	2	0	0	2	1	0	0	0	2	0	0	6	2	0	2	0	0	0	0	3	1	0	0	0	2	4	4	1	0	6	6	1	1	0	1	3	0	0	0	0	1	0	0	18	1	0	0	2	0	0	0	0	0	0	0	0	1	0	0	0	0	3	0	0	1	1	1	0	0	0	1	0	1	1	6
1:Del:T:0	5	0	4	3	11	16	7	3	9	8	38	2	2	3	3	6	15	1	5	1	10	11	6	4	13	9	0	0	21	3	0	6	9	1	14	2	15	6	6	19	0	9	2	12	5	4	10	6	20	15	31	9	3	0	4	25	2	4	1	20	8	1	14	15	19	1	40	0	12	2	1	9	14	1	1	5	10	5	10	1	17	4	14	4	2	0	1	2	3	41	8	0	9	0	7	0	27	1	8	1
1:Del:T:1	2	1	0	1	5	2	6	0	6	4	11	4	0	2	4	2	1	0	1	1	3	6	0	3	10	1	0	0	8	2	0	6	2	0	3	0	1	7	0	0	0	4	1	3	1	2	2	2	11	5	5	0	0	0	1	7	0	1	0	10	0	0	4	3	6	0	15	0	7	0	0	6	5	1	0	1	5	2	6	0	4	2	2	0	2	0	0	0	0	6	6	0	3	0	3	0	5	2	1	0
1:Del:T:2	7	1	4	1	6	6	3	1	4	4	13	7	3	1	4	4	11	3	0	2	3	7	3	10	3	7	0	0	12	3	2	2	1	0	1	3	4	4	0	1	0	10	4	6	2	1	5	2	18	7	12	7	2	1	4	11	0	3	1	21	8	3	8	5	19	3	14	0	13	4	0	0	16	0	1	1	3	1	3	3	7	2	11	4	9	0	0	2	3	17	3	4	1	0	4	0	16	2	8	2
1:Del:T:3	10	1	12	2	14	4	16	2	6	7	20	2	2	2	4	4	5	2	0	4	5	28	1	15	21	6	0	0	29	2	0	8	1	2	10	3	6	13	0	3	2	4	3	7	9	0	10	3	29	17	22	11	0	2	16	19	0	5	2	45	4	0	28	8	15	1	15	0	16	2	1	5	27	1	3	0	12	2	6	2	10	7	13	3	12	0	2	9	3	23	15	0	1	0	2	1	44	3	13	0
1:Del:T:4	13	2	11	33	30	5	8	3	5	5	46	6	14	6	3	4	1	0	0	4	9	25	1	5	9	13	17	0	24	7	1	2	8	5	8	1	14	6	0	9	3	13	8	7	0	2	9	1	23	12	10	14	5	0	31	14	0	16	3	29	14	3	14	2	15	2	27	1	17	5	2	7	25	10	2	0	13	4	6	2	14	4	5	4	26	1	5	3	2	22	3	5	1	3	7	7	8	6	7	1
1:Del:T:5	78	6	66	3	196	6	82	47	12	1	4	4	67	14	3	0	2	0	4	39	109	46	2	22	38	32	90	3	3	15	12	0	21	113	36	1	242	60	0	66	19	2	5	9	29	3	0	1	0	23	112	80	10	2	343	109	11	195	10	88	55	19	20	49	77	0	7	2	372	24	11	2	15	63	62	8	0	0	10	83	20	3	1	32	18	1	113	1	36	42	5	24	2	0	2	49	35	68	115	72
1:Ins:C:0	0	0	0	0	0	0	0	0	0	0	0	0	0	1	0	0	0	1	0	0	0	0	0	0	0	0	0	0	0	0	0	0	0	0	0	0	1	0	0	0	0	0	0	0	0	0	0	1	0	1	0	0	2	0	0	0	1	0	0	0	0	0	0	1	3	0	1	0	0	0	1	0	0	0	0	1	0	1	0	0	0	0	0	0	0	0	0	0	0	0	0	0	0	1	0	0	0	0	0	0
1:Ins:C:1	0	0	0	0	0	0	0	0	0	0	0	0	0	0	0	0	0	0	0	0	0	0	0	0	1	0	0	0	0	0	0	0	0	0	0	1	0	0	0	1	0	0	0	0	1	1	0	0	0	0	0	0	0	0	0	1	0	0	0	0	0	0	1	0	1	0	0	0	0	0	0	0	0	0	0	0	0	0	1	1	1	1	0	0	0	0	0	0	0	0	0	0	0	0	2	0	0	0	1	0
1:Ins:C:2	0	0	0	0	0	0	0	0	0	0	0	0	0	0	0	0	0	0	0	0	0	0	0	0	1	0	0	0	0	0	0	0	0	0	0	0	1	0	0	0	0	0	0	1	1	0	1	0	0	0	0	0	0	1	0	1	0	0	0	0	0	0	0	0	0	0	0	0	0	0	0	0	0	0	0	0	0	0	0	0	0	0	0	0	0	0	0	0	0	0	0	1	1	0	0	0	1	0	0	0
1:Ins:C:3	0	1	0	3	3	1	0	0	0	3	1	0	2	0	0	0	0	0	1	0	0	1	1	0	1	0	0	0	0	1	0	0	0	2	1	0	0	0	0	0	3	0	0	0	0	1	0	0	0	3	0	0	1	0	0	0	0	0	0	1	0	0	5	0	2	0	0	0	0	0	0	0	3	2	1	0	4	0	0	0	0	0	1	0	2	0	0	2	1	0	0	3	1	0	0	2	0	0	0	0
1:Ins:C:4	1	1	4	0	0	0	1	1	0	0	0	1	0	0	0	0	2	0	0	1	1	0	1	0	0	2	3	1	0	3	0	0	0	0	5	0	2	1	0	1	0	0	1	1	0	0	0	0	1	1	0	1	0	0	0	2	1	0	0	1	4	0	0	0	0	0	0	2	4	0	0	0	1	2	2	0	0	1	3	0	0	0	0	0	0	0	0	2	1	0	1	1	0	0	1	0	2	0	0	2
1:Ins:C:5	3	0	1	2	1	2	7	3	2	2	0	1	1	0	0	0	0	0	2	7	1	3	6	1	2	4	0	1	9	1	1	5	0	1	0	0	9	0	2	1	2	1	2	0	0	1	0	2	5	1	1	2	0	2	0	3	0	2	1	0	6	0	0	2	1	4	0	1	1	0	0	0	2	0	0	0	0	5	0	1	1	0	0	0	0	0	1	2	3	3	6	3	1	1	0	2	1	3	0	0
1:Ins:T:0	3	0	0	0	3	0	4	0	1	3	0	1	0	1	0	0	1	0	0	2	2	0	3	1	2	4	0	0	3	2	0	1	2	0	1	0	2	1	2	0	0	2	0	1	2	0	2	1	2	4	0	3	0	0	0	1	0	2	0	0	0	0	2	0	3	0	4	0	1	0	0	1	2	0	2	0	1	1	0	1	0	0	0	0	2	0	1	0	0	7	2	0	2	0	0	0	3	0	2	1
1:Ins:T:1	0	0	0	0	2	0	0	0	0	0	2	2	0	0	0	0	0	1	0	1	1	1	1	1	0	1	0	0	1	2	0	2	1	0	4	1	1	2	0	1	0	0	2	0	1	1	0	1	5	1	5	0	0	1	0	2	0	0	0	2	2	3	0	0	1	0	10	0	0	1	0	4	3	1	0	0	0	0	2	0	0	1	1	0	1	0	0	1	1	5	0	0	1	0	1	0	2	0	0	0
1:Ins:T:2	0	0	1	0	0	1	0	0	0	0	1	0	0	0	0	0	0	0	0	0	0	0	0	0	0	1	1	0	0	0	0	0	0	0	0	0	0	1	0	0	0	1	0	0	1	0	0	1	1	2	1	0	0	0	0	2	0	0	0	0	0	0	0	0	1	0	1	0	0	0	0	0	0	0	1	0	0	0	0	0	0	0	0	0	1	0	0	1	0	0	0	0	0	0	0	0	0	0	0	0
1:Ins:T:3	2	0	0	1	0	1	1	0	0	0	0	0	0	0	0	0	0	0	0	2	0	1	1	1	0	1	0	0	0	0	0	1	1	0	0	0	1	0	0	0	0	1	0	1	0	1	1	0	1	1	0	0	1	0	0	0	0	1	0	0	1	0	0	0	0	1	0	0	0	0	0	0	0	0	0	0	0	1	0	0	1	0	0	0	0	0	0	0	3	0	1	0	0	0	0	1	1	1	0	0
1:Ins:T:4	1	0	0	2	1	4	1	0	0	1	0	0	0	0	0	0	0	0	2	4	4	2	5	0	0	1	1	0	1	1	0	0	2	0	0	0	8	0	3	0	0	1	1	2	0	0	3	0	4	1	1	0	0	0	0	0	0	2	0	0	0	0	0	1	1	0	0	4	0	0	0	0	1	0	2	1	0	3	0	1	4	0	1	0	0	0	4	1	7	1	2	3	0	0	0	3	1	5	0	0
1:Ins:T:5	138	12	2	18	2	141	34	2	23	89	23	26	8	1	2	6	36	0	53	129	13	50	222	18	50	34	3	38	114	27	6	108	19	0	10	24	148	1	124	30	23	23	16	56	7	31	46	61	166	29	22	24	4	24	4	15	0	29	79	15	111	7	3	11	9	113	11	32	1	1	3	1	35	8	24	14	0	70	2	5	99	89	5	0	7	4	2	15	176	43	110	44	5	11	4	136	6	59	97	27
2:Del:R:0	2	0	0	0	2	1	1	1	2	1	2	1	1	1	0	1	1	1	1	0	5	1	0	1	3	2	0	0	4	2	0	3	0	1	5	1	3	1	4	1	0	0	0	1	3	1	5	1	1	4	5	0	0	0	0	0	0	0	2	11	1	0	1	1	3	0	6	0	1	1	0	0	9	0	0	1	3	0	1	0	4	3	2	1	0	0	0	0	1	1	1	0	3	0	4	0	5	1	2	0
2:Del:R:1	0	0	0	1	3	1	2	0	2	0	1	0	0	1	1	0	0	0	0	1	3	0	2	0	1	0	3	0	4	0	0	0	0	0	0	0	2	0	3	0	1	0	0	2	1	3	1	1	0	7	3	0	0	0	1	2	1	1	0	0	0	0	1	1	2	0	4	0	2	0	1	1	0	0	0	0	2	1	0	1	4	0	0	1	1	0	0	0	4	1	2	0	1	1	1	3	0	1	2	0
2:Del:R:2	0	0	0	0	0	0	1	0	0	0	0	0	0	1	0	0	0	0	0	0	0	0	0	1	1	0	0	0	0	0	0	0	0	1	0	0	1	0	0	0	0	0	0	0	0	0	1	0	0	0	1	1	0	0	0	0	0	0	0	0	1	0	0	0	0	0	0	0	0	0	0	0	0	0	0	0	0	0	0	1	1	0	0	0	0	0	0	0	0	0	0	0	0	0	0	0	0	0	0	0
2:Del:R:3	3	13	16	0	2	0	0	53	2	0	0	43	0	14	4	12	12	0	4	24	24	3	19	3	31	7	18	1	19	178	3	0	9	33	20	1	4	0	0	0	13	0	1	15	1	9	0	15	5	0	0	8	0	9	13	19	16	37	3	5	31	3	84	0	7	0	0	22	36	3	0	0	2	1	6	0	4	6	3	20	16	4	8	5	0	23	0	11	28	0	11	0	0	0	2	0	1	0	1	6
2:Del:R:4	0	0	0	0	0	0	0	0	0	0	0	0	0	0	0	0	0	0	0	0	0	0	0	0	1	0	0	0	0	1	0	0	0	0	0	0	1	0	0	0	0	0	0	0	0	0	0	0	0	0	0	0	0	0	1	0	0	1	0	0	0	0	0	0	0	0	0	0	0	0	0	0	0	0	0	0	0	0	0	0	0	0	0	0	0	0	0	0	0	0	0	0	0	0	0	0	0	0	0	0
2:Del:R:5	0	0	0	0	0	0	0	0	0	0	0	0	0	0	0	0	0	0	0	0	1	0	0	0	0	0	0	0	0	0	0	0	0	0	0	0	0	0	0	0	0	0	1	0	0	0	0	0	0	0	0	0	0	0	0	0	0	0	0	0	0	0	0	0	0	0	0	0	0	0	0	0	0	0	0	0	1	0	0	0	0	0	0	0	0	0	0	0	0	0	0	0	0	0	0	0	1	0	0	0
3:Del:R:0	0	2	0	1	0	0	0	0	1	0	1	1	0	3	0	0	1	0	1	2	3	0	1	0	2	1	0	0	4	0	0	1	2	0	3	0	1	0	2	0	1	1	0	0	1	7	3	3	1	2	2	0	0	0	1	0	3	0	0	0	0	0	0	3	1	0	4	0	1	0	0	2	0	0	0	2	0	0	0	0	0	1	0	0	0	0	0	0	1	0	1	1	6	1	2	0	1	0	2	0
3:Del:R:1	0	0	4	1	0	0	4	0	0	0	0	0	0	1	0	1	0	0	0	2	0	0	0	2	2	0	1	0	5	0	0	0	0	2	0	0	7	0	3	2	0	0	1	1	0	0	1	0	5	1	1	2	0	0	1	0	0	1	4	2	1	0	0	2	1	0	0	0	3	1	0	1	1	0	0	0	0	1	0	1	2	0	0	1	0	0	0	0	1	1	0	0	2	0	0	0	1	0	0	1
3:Del:R:2	0	0	2	0	0	0	0	0	0	0	0	0	0	0	0	0	0	0	0	0	2	0	0	0	0	0	1	1	1	0	0	0	0	0	0	0	1	0	0	0	0	0	0	0	1	0	0	0	1	0	0	0	0	0	3	0	0	0	0	0	1	0	0	0	1	0	0	0	1	1	0	0	0	0	0	0	1	0	0	0	0	1	0	0	0	0	0	0	0	0	0	0	0	0	0	1	1	0	0	0
3:Del:R:3	0	0	0	0	0	0	1	0	0	0	0	1	0	0	0	0	1	0	0	0	0	0	0	0	0	0	0	0	0	0	0	0	0	0	0	0	0	0	0	0	0	1	0	0	0	0	0	0	0	0	1	0	0	0	0	0	0	0	0	0	0	0	0	0	0	0	0	0	1	1	0	0	0	0	0	0	0	0	0	0	0	0	0	0	0	0	1	0	0	0	0	0	0	0	0	0	0	0	0	0
3:Del:R:4	0	0	0	0	0	0	0	0	0	0	0	0	0	0	0	0	0	0	0	0	0	0	0	0	0	0	0	0	0	0	0	0	0	0	0	0	0	0	0	0	0	0	0	0	0	0	0	0	0	0	0	0	0	0	0	0	0	0	0	0	0	0	0	0	0	0	0	0	0	0	0	0	0	0	0	0	0	0	0	0	0	0	0	0	0	0	0	0	0	0	0	0	0	0	0	0	0	0	0	0
3:Del:R:5	0	0	0	0	0	0	0	0	0	0	0	0	0	0	0	0	0	0	0	0	0	0	0	0	0	0	0	0	0	0	0	0	0	0	0	0	0	0	0	0	0	0	0	0	0	0	0	0	0	0	0	0	0	0	0	0	0	0	0	0	0	0	0	0	0	0	0	0	0	0	0	0	0	0	0	0	0	0	0	0	0	0	0	0	0	0	0	0	0	0	0	0	0	0	0	0	0	0	0	0
4:Del:R:0	0	0	1	0	0	0	0	1	0	0	1	0	0	1	0	0	2	0	0	1	2	0	3	0	0	1	0	0	2	4	0	0	3	0	0	1	1	1	0	0	0	0	1	0	2	1	1	1	1	2	0	0	1	0	0	1	0	0	0	0	1	0	0	0	0	0	1	0	0	0	0	0	0	1	0	0	0	3	0	0	0	0	0	0	1	0	0	1	1	0	1	0	1	0	0	0	0	0	0	0
4:Del:R:1	1	0	1	1	0	0	0	1	0	0	2	0	1	0	1	0	1	0	0	0	1	1	0	1	3	0	0	0	2	1	0	0	1	0	0	0	1	0	0	0	0	2	0	0	1	0	0	0	2	0	1	1	0	0	0	0	0	2	0	1	1	0	0	0	2	0	2	0	3	0	0	0	0	0	0	1	0	0	0	1	1	0	0	0	0	0	0	0	0	2	1	0	0	0	0	0	3	0	2	0
4:Del:R:2	0	0	0	0	1	0	0	0	0	0	0	0	0	0	0	0	0	0	0	0	0	0	0	0	0	0	0	0	0	0	0	0	0	0	0	0	1	0	0	0	0	0	0	0	0	0	0	0	0	0	0	0	0	0	0	0	0	0	0	0	0	0	0	0	0	0	1	0	0	0	0	0	0	0	0	0	0	0	0	0	0	1	0	1	0	0	0	0	0	0	0	0	0	0	0	0	0	0	0	0
4:Del:R:3	0	0	0	0	0	0	0	0	0	0	0	0	0	0	0	0	0	0	0	0	0	0	0	0	0	0	0	0	0	0	0	0	0	0	0	0	0	0	0	0	0	0	0	0	0	0	0	0	0	0	0	0	0	0	0	0	0	0	0	0	0	0	0	0	0	0	0	0	0	0	0	0	0	0	0	0	0	0	0	0	0	0	0	0	0	0	0	0	0	0	0	0	0	0	0	0	0	0	0	0
4:Del:R:4	0	0	0	0	0	0	0	0	0	0	0	0	0	0	0	0	0	0	0	0	0	0	0	0	0	0	0	0	0	0	0	0	0	0	0	0	0	0	0	0	0	0	0	0	0	0	0	0	0	0	0	0	0	0	0	0	0	0	0	0	0	0	0	0	0	0	0	0	0	0	0	0	0	0	0	0	0	0	0	0	0	0	0	0	0	0	0	0	0	0	0	0	0	0	0	0	0	0	0	0
4:Del:R:5	0	0	0	0	0	0	0	0	0	0	0	0	0	0	0	0	0	0	0	0	0	0	0	0	0	0	0	0	0	0	0	0	0	0	0	0	0	0	0	0	0	0	0	0	0	0	0	0	0	0	0	0	0	0	0	0	0	0	0	0	0	0	0	0	0	0	0	0	0	0	0	0	0	0	0	0	0	0	0	0	0	0	0	0	0	0	0	0	0	0	0	0	0	0	0	0	0	0	0	0
5:Del:R:0	1	9	16	17	8	1	3	35	20	3	1	7	5	30	0	4	70	1	2	15	51	12	20	0	10	7	2	1	23	11	0	0	23	8	53	4	46	2	13	15	26	4	19	5	38	33	24	40	3	61	2	3	10	0	2	0	12	2	0	5	0	2	8	20	47	1	47	1	29	0	19	9	8	7	10	13	18	23	40	1	5	18	2	0	19	0	2	1	9	2	12	13	46	3	54	0	12	1	8	10
5:Del:R:1	0	0	0	0	1	0	2	1	0	0	0	0	0	0	0	0	0	0	0	1	3	0	0	0	1	0	1	1	1	0	0	0	0	0	0	1	6	0	0	0	0	0	0	0	0	0	0	0	1	0	0	0	0	0	2	2	0	0	0	0	0	0	1	0	0	0	0	1	1	0	0	0	2	0	0	0	0	1	0	2	0	0	0	0	1	0	0	0	0	2	0	0	0	0	0	0	0	0	1	1
5:Del:R:2	0	0	0	0	0	0	0	0	0	0	0	0	0	0	0	0	0	0	0	0	1	0	0	0	0	0	0	0	1	0	0	0	0	0	0	0	0	1	0	0	0	0	0	0	0	0	0	0	1	1	1	0	0	0	0	0	0	0	0	2	0	0	0	0	0	0	0	0	0	0	0	0	0	0	0	0	0	0	0	0	0	0	0	0	0	0	0	0	0	0	0	0	0	0	0	0	0	0	0	0
5:Del:R:3	0	101	15	556	180	13	5	0	23	55	36	0	193	29	0	97	6	1	23	3	0	109	35	4	10	14	22	52	1	12	59	4	110	28	124	0	0	2	2	7	131	4	1	24	70	12	62	39	53	109	0	23	135	6	12	41	11	35	5	79	3	1	147	3	138	0	5	26	10	53	13	15	30	88	25	66	78	47	229	5	2	0	8	0	155	0	48	9	4	12	10	81	30	47	3	35	21	10	14	0
5:Del:R:4	0	0	0	3	1	0	0	0	0	1	1	0	1	0	0	2	0	0	0	1	2	0	0	0	1	0	0	0	0	0	0	0	1	1	1	0	0	0	0	0	0	0	0	0	2	0	1	1	0	1	0	1	1	0	0	1	0	0	0	1	0	0	0	0	0	0	0	0	0	0	0	0	0	2	0	0	0	0	0	0	0	0	0	0	0	0	0	0	0	0	0	0	0	1	0	0	0	0	0	0
5:Del:R:5	0	0	0	0	0	0	0	0	0	0	0	0	0	0	0	0	0	0	0	0	0	0	0	0	0	0	0	0	0	0	0	0	0	0	0	0	0	0	0	0	0	0	0	0	0	0	0	0	0	0	0	0	0	0	0	0	0	0	0	0	0	0	0	0	0	0	0	0	0	0	0	0	0	0	0	0	0	0	0	0	0	0	0	0	0	0	0	0	0	0	0	0	0	0	0	0	0	0	0	0
2:Ins:R:0	0	0	0	0	0	0	0	0	1	0	0	1	0	0	0	0	0	0	0	1	0	0	2	0	0	0	0	1	1	3	0	0	0	0	1	0	0	0	0	0	0	0	0	0	0	0	0	0	0	0	0	0	1	0	2	1	0	4	0	2	1	0	4	0	1	0	0	1	1	0	0	0	1	0	1	0	0	0	0	0	1	0	0	0	0	1	0	1	2	0	1	0	1	0	0	0	0	0	1	0
2:Ins:R:1	0	0	2	0	1	0	0	0	0	0	1	0	0	0	0	0	1	0	0	0	0	4	0	0	0	0	0	0	3	0	0	0	0	0	1	0	0	0	0	0	0	1	0	0	2	0	0	0	1	0	0	1	0	0	0	0	0	0	0	0	0	0	1	0	0	0	0	0	0	0	0	0	1	0	0	0	0	0	1	0	0	0	0	0	0	0	0	0	0	0	0	0	1	0	1	0	1	0	0	1
2:Ins:R:2	0	0	0	0	0	0	0	0	0	0	0	0	0	0	0	0	1	0	0	0	0	1	0	0	0	0	0	0	0	0	0	1	0	0	0	0	1	0	0	0	0	0	0	0	0	0	0	0	0	0	0	0	0	0	0	0	0	1	0	0	0	0	0	0	0	0	0	0	1	0	0	0	1	0	0	0	0	0	0	0	2	0	0	0	0	0	1	0	0	0	0	0	0	0	0	0	0	0	0	0
2:Ins:R:3	0	0	0	0	1	0	0	0	0	0	1	0	0	0	0	0	0	0	0	0	1	1	0	0	0	0	0	0	0	0	0	1	0	0	0	0	0	0	0	0	0	0	0	0	0	0	0	0	0	1	0	0	0	0	0	1	0	0	0	0	0	0	0	0	0	0	0	0	0	0	0	0	0	0	0	0	0	0	0	0	0	0	0	0	0	0	0	0	0	0	0	0	0	0	0	0	0	0	0	0
2:Ins:R:4	2	0	0	0	0	1	0	0	0	0	0	0	0	0	0	0	0	0	0	0	1	0	0	0	0	1	0	0	2	0	0	0	0	0	0	0	1	0	0	0	0	0	0	0	0	0	0	0	1	0	0	0	0	0	1	1	0	0	0	1	1	0	0	0	1	0	0	0	1	0	0	0	0	0	0	0	0	1	1	0	1	2	0	0	0	0	1	0	1	0	0	0	0	0	0	0	0	0	0	0
2:Ins:R:5	7	1	0	1	3	4	0	0	1	2	0	1	0	0	0	0	0	0	0	4	4	2	3	3	0	1	0	1	5	2	1	1	0	0	1	2	17	2	1	1	1	1	1	1	1	0	2	2	3	1	5	3	0	0	3	2	0	2	1	1	4	1	1	0	0	1	1	2	4	1	0	1	1	1	1	1	0	3	0	0	2	1	0	0	0	1	2	2	4	5	4	1	0	1	2	1	0	1	1	1
3:Ins:R:0	0	0	0	0	0	0	0	0	0	0	0	0	0	0	0	0	0	0	0	0	0	0	0	0	0	0	0	0	0	0	0	0	0	0	0	0	0	0	0	0	0	0	0	0	0	0	0	0	0	0	0	0	0	0	0	0	0	0	0	0	0	0	0	0	0	0	0	0	0	0	0	0	0	0	0	0	0	1	0	0	0	1	0	0	0	0	0	0	0	0	0	0	0	0	0	0	0	0	0	0
3:Ins:R:1	1	0	0	0	0	0	1	1	1	0	0	0	0	0	0	0	0	0	0	0	0	0	0	0	0	0	0	0	0	0	0	0	0	0	0	0	2	0	0	1	1	0	0	0	0	0	0	0	0	1	0	0	0	0	1	0	0	0	0	0	1	0	0	0	1	0	0	0	0	0	0	0	0	0	0	0	0	0	0	0	0	0	0	0	0	0	0	0	0	0	0	0	1	0	0	0	1	0	1	0
3:Ins:R:2	4	11	9	0	3	0	0	14	5	0	1	27	2	18	2	18	13	0	7	27	1	6	33	0	24	10	21	5	11	46	1	1	31	24	86	1	7	1	1	0	10	0	0	10	5	5	0	13	8	1	2	16	0	6	6	4	11	34	5	13	25	4	40	0	9	0	0	17	23	2	4	1	5	4	16	0	9	7	19	21	51	2	3	6	0	16	0	12	8	0	7	3	1	0	3	1	6	0	2	20
3:Ins:R:3	0	0	0	0	0	0	0	0	0	0	0	0	0	0	0	0	0	0	0	0	0	0	0	0	0	0	0	0	0	0	0	0	0	0	0	0	0	0	0	0	0	0	0	0	0	0	0	0	0	0	0	0	0	0	0	0	0	0	0	0	0	0	0	0	0	0	0	0	0	0	0	0	0	0	0	0	0	0	0	0	0	0	0	0	0	0	0	0	0	0	0	0	0	0	0	0	0	0	0	0
3:Ins:R:4	0	0	0	0	0	0	0	0	0	0	0	0	0	0	0	0	0	0	0	0	0	0	0	0	0	0	0	0	0	0	0	0	0	0	0	0	0	0	0	0	0	0	0	0	0	0	0	0	0	0	0	0	0	0	0	0	0	0	0	0	0	0	0	0	0	0	0	0	1	0	0	0	0	0	0	0	0	0	0	0	0	0	0	0	0	0	0	0	0	0	1	0	0	0	0	0	0	0	0	0
3:Ins:R:5	1	0	0	0	0	0	0	0	0	0	0	0	0	0	0	0	0	0	0	0	0	0	0	0	0	0	0	0	0	2	0	0	0	0	1	0	3	0	0	0	0	0	0	0	0	0	0	0	0	0	0	0	0	0	1	0	0	0	0	0	1	0	0	0	0	1	0	0	0	0	0	0	0	0	0	0	0	0	0	0	0	0	0	0	0	0	0	0	0	0	1	0	0	0	0	0	0	0	2	0
4:Ins:R:0	0	0	0	0	0	0	0	0	0	0	0	0	0	0	0	0	0	0	0	0	0	0	0	0	0	0	0	0	0	0	0	0	0	0	1	0	0	0	0	0	0	0	0	0	1	0	0	0	1	2	0	0	0	0	0	0	0	0	0	0	0	0	0	0	0	0	1	0	0	0	0	0	0	0	0	0	0	0	0	0	0	0	0	0	0	0	0	0	0	0	0	0	0	1	0	0	0	0	0	0
4:Ins:R:1	1	0	0	0	0	0	0	0	0	0	0	0	0	0	0	0	0	0	0	0	0	0	1	1	0	0	0	0	0	0	0	0	0	0	0	0	0	1	0	0	1	0	0	0	0	0	0	0	0	1	2	0	1	0	2	0	0	0	0	1	0	0	0	1	0	0	0	0	0	0	0	0	0	0	0	0	0	0	0	0	0	0	0	0	0	0	0	0	2	0	0	0	0	0	0	0	0	0	0	0
4:Ins:R:2	0	0	0	0	0	0	0	0	0	0	0	0	0	0	0	0	0	0	0	0	0	0	0	0	0	0	0	0	0	0	0	0	0	0	0	0	0	0	1	0	0	0	0	0	0	0	0	0	0	0	0	0	0	0	0	0	0	0	0	0	0	0	0	0	0	0	0	0	0	0	0	0	0	0	0	0	0	0	0	0	0	0	0	0	0	0	0	0	0	0	0	0	0	0	0	0	0	0	0	0
4:Ins:R:3	0	0	0	0	0	0	0	0	0	0	0	0	0	0	0	0	0	0	0	0	0	0	0	0	0	0	0	0	0	0	0	0	0	0	0	0	0	0	0	0	0	0	0	0	1	0	0	0	0	0	0	0	0	0	0	0	0	0	0	0	0	0	0	0	0	0	0	0	0	0	0	0	0	0	0	0	0	0	0	0	0	0	0	0	0	0	0	0	0	0	0	0	0	0	0	0	0	0	0	0
4:Ins:R:4	0	0	0	0	0	0	0	0	0	0	0	0	0	0	0	0	0	0	0	0	2	0	0	0	0	1	0	0	1	0	0	0	0	0	0	0	0	0	0	0	0	0	0	0	0	0	0	0	0	0	0	0	0	0	1	0	0	0	0	0	0	0	0	0	0	0	0	0	0	0	0	0	0	0	0	0	0	0	0	0	0	0	0	0	0	0	0	0	0	0	0	0	0	0	0	0	0	0	0	0
4:Ins:R:5	0	0	0	1	1	0	0	0	0	0	0	0	0	0	0	0	0	0	0	0	0	1	0	0	0	0	0	1	1	0	0	0	0	0	0	0	1	0	0	0	0	0	0	0	0	1	1	0	0	0	0	0	0	0	0	0	0	0	0	0	1	0	0	1	1	0	0	0	0	0	0	0	0	0	0	0	0	0	0	0	0	0	0	0	0	0	0	0	1	0	0	0	0	0	0	1	0	0	1	0
5:Ins:R:0	0	0	0	0	0	0	0	0	0	0	0	0	0	0	0	0	0	0	0	0	0	0	0	0	0	0	0	0	1	0	0	1	0	0	0	0	0	0	0	0	0	0	0	0	0	0	0	0	0	0	0	0	0	0	0	0	0	0	0	0	0	0	0	0	0	0	0	0	0	0	0	0	0	0	0	0	0	0	0	0	0	0	0	0	0	0	0	0	0	0	0	0	0	0	0	0	0	0	0	0
5:Ins:R:1	0	0	0	0	1	1	0	0	0	0	0	0	0	1	0	0	1	1	0	0	2	1	1	1	0	0	0	0	0	1	0	0	1	0	1	0	0	0	1	1	0	0	4	0	1	3	0	1	1	3	0	0	0	0	0	0	0	0	0	0	0	0	0	1	5	2	2	0	1	0	0	1	1	0	0	0	1	1	1	0	0	0	0	0	0	0	0	0	3	0	1	0	1	1	0	0	2	1	1	2
5:Ins:R:2	0	0	0	0	0	0	0	0	0	0	0	0	0	0	0	0	0	0	0	0	0	0	1	0	0	0	0	0	0	0	0	0	0	0	0	0	0	0	0	0	0	0	0	0	0	0	0	0	0	0	0	0	0	0	0	0	0	0	0	0	0	0	0	0	0	0	0	0	0	0	1	0	0	1	0	0	0	0	0	0	0	0	0	0	0	0	0	0	0	0	0	0	0	0	0	0	0	0	0	0
5:Ins:R:3	0	0	0	0	0	0	0	0	0	0	0	0	0	0	0	0	0	0	0	0	0	0	0	0	0	0	0	0	0	0	0	0	0	0	0	0	0	0	0	0	0	0	0	0	0	0	0	0	0	0	0	0	0	0	0	0	0	0	0	0	0	0	0	0	0	0	0	0	0	0	0	0	0	0	0	0	0	0	0	0	0	1	0	0	0	0	0	0	0	0	0	0	0	0	0	0	0	0	0	0
5:Ins:R:4	20	18	20	0	12	0	2	84	22	0	5	71	0	37	3	23	50	0	39	111	52	10	133	6	88	12	40	18	38	124	19	2	25	85	266	5	20	12	1	0	51	0	1	26	13	26	0	41	7	1	5	40	1	17	19	31	65	249	19	19	139	16	158	1	63	2	0	64	125	9	34	5	28	13	24	0	14	25	46	60	163	11	15	7	1	63	0	45	47	0	15	7	40	0	17	2	10	0	15	98
5:Ins:R:5	0	0	0	0	0	0	0	0	0	0	0	0	0	0	0	0	0	0	0	0	0	0	0	0	0	0	0	0	0	0	0	0	0	0	0	0	0	0	0	0	0	0	0	0	0	0	0	0	0	0	0	0	0	0	0	0	0	0	0	0	0	0	0	0	0	0	0	0	0	0	0	0	0	0	0	0	0	0	0	0	0	0	0	0	0	0	0	0	1	0	0	0	0	0	1	0	0	0	0	0
2:Del:M:1	1	1	0	1	1	1	0	1	0	0	1	0	1	2	0	1	0	1	0	0	0	1	0	0	0	0	0	0	2	1	0	1	0	1	2	2	0	0	0	0	0	0	1	0	0	1	1	0	0	2	0	0	0	0	0	0	0	0	0	5	1	1	6	2	1	1	0	0	3	1	0	0	0	1	0	0	1	1	1	0	0	0	2	1	2	0	0	0	0	2	1	3	0	0	0	0	0	0	2	0
3:Del:M:1	0	0	2	0	0	0	0	0	0	0	1	0	0	0	0	0	0	0	0	1	0	0	2	0	0	1	0	0	5	0	0	0	0	0	5	0	1	0	0	0	0	1	1	0	1	2	2	1	1	1	0	1	0	0	0	1	0	0	0	2	0	0	0	4	2	0	2	0	2	0	0	0	1	0	1	1	0	0	2	0	1	1	0	0	0	0	0	0	0	3	2	0	2	0	1	0	3	0	1	0
3:Del:M:2	0	1	1	0	0	0	1	2	1	0	0	1	0	1	0	0	1	0	0	0	4	1	0	1	0	1	0	1	1	0	0	0	0	1	0	0	1	0	0	0	0	0	1	1	0	0	2	1	0	1	0	0	0	0	0	1	0	1	0	0	0	0	0	0	0	1	1	0	2	0	1	0	1	0	1	1	0	1	0	0	0	2	0	0	0	0	0	0	1	0	1	0	1	0	0	0	0	0	4	1
4:Del:M:1	0	0	0	0	0	0	0	1	1	0	1	0	0	0	0	0	0	2	0	0	1	0	0	0	1	1	0	0	1	1	0	0	2	0	1	0	1	0	0	1	0	1	1	0	2	0	0	1	0	2	0	0	0	1	0	0	0	0	0	0	1	0	0	0	2	0	3	0	0	0	0	0	0	0	0	1	0	2	0	0	0	0	1	0	2	0	0	0	0	0	0	0	0	0	0	0	1	0	0	2
4:Del:M:2	0	0	2	0	2	0	0	0	0	0	0	0	0	0	0	0	0	0	0	1	0	0	0	0	1	1	0	0	0	0	0	0	1	0	0	0	0	0	0	1	0	2	0	0	1	0	0	0	0	1	0	0	0	0	0	0	0	1	0	2	0	0	1	0	4	0	1	0	0	1	0	0	1	0	0	0	1	0	0	0	1	0	0	0	0	0	0	0	0	1	0	0	0	0	2	0	0	0	0	0
4:Del:M:3	0	0	0	0	0	0	0	0	0	0	0	0	1	0	1	0	0	0	0	0	0	0	0	0	0	1	0	0	0	1	0	0	0	0	0	0	2	1	0	0	0	1	0	0	0	0	0	0	0	0	0	0	0	0	0	0	0	0	0	1	0	0	0	1	0	0	1	0	1	0	0	0	0	0	0	1	0	0	0	0	1	0	1	0	0	0	0	0	0	1	1	0	0	0	0	0	1	0	0	1
5:Del:M:1	0	4	19	6	2	0	1	31	34	4	0	1	1	18	0	0	64	7	12	15	84	1	54	0	22	31	0	0	86	18	0	0	28	2	58	0	32	3	12	12	5	2	19	16	88	40	18	28	1	53	5	0	7	8	1	4	29	3	0	1	2	0	5	42	27	1	94	0	32	1	18	5	0	3	3	20	10	26	21	4	6	15	3	0	1	0	1	0	23	1	20	0	26	6	58	0	17	1	24	6
5:Del:M:2	0	4	11	0	4	1	1	7	9	4	1	3	0	5	0	0	14	13	4	6	9	4	13	0	14	10	0	0	23	21	0	0	9	0	17	2	17	0	2	4	4	2	4	5	30	27	16	15	0	33	0	0	3	1	0	0	9	4	0	0	0	0	2	3	16	0	25	0	22	1	2	3	0	2	2	7	5	7	7	2	0	14	0	0	2	0	0	0	4	2	9	1	14	2	22	0	6	0	5	6
5:Del:M:3	0	1	1	2	2	0	2	2	2	0	0	1	0	6	0	0	8	0	2	2	9	2	4	0	4	3	0	0	14	4	0	0	1	1	8	0	2	0	1	2	1	0	3	4	7	12	10	7	1	9	4	0	5	0	0	0	1	0	0	1	0	0	0	0	16	0	4	0	2	0	0	0	0	2	0	4	0	1	5	1	1	2	0	0	0	0	0	0	1	1	7	1	4	0	6	0	4	0	1	1
5:Del:M:4	1	0	0	0	0	0	1	1	0	0	0	0	0	3	0	0	4	2	0	1	5	0	0	0	0	0	0	0	2	2	0	0	1	0	6	0	3	0	0	2	1	0	1	0	5	4	2	5	1	4	3	0	0	1	1	0	1	0	0	0	0	0	0	2	3	0	6	0	4	0	2	1	0	0	0	1	1	0	1	0	1	3	0	1	0	0	0	0	2	0	0	0	1	0	0	0	2	0	2	0
5:Del:M:5	0	20	5	204	95	6	1	3	8	24	3	0	40	4	0	12	7	1	4	3	2	33	16	1	3	9	21	6	4	4	15	2	22	31	67	0	7	0	0	2	127	5	1	10	25	7	44	33	19	28	2	6	22	1	9	68	5	11	2	21	0	2	54	5	45	0	6	6	7	13	8	8	16	52	21	40	79	23	30	1	0	2	0	0	194	1	6	14	1	4	4	27	5	10	4	6	9	2	4	0
