MutationType	ID83A	ID83B	ID83C	ID83D	ID83E	ID83F	ID83G	ID83H	ID83I	ID83J	ID83K	ID83L	ID83M	ID83N	ID83O	ID83P	ID83Q	ID83R	ID83S
1:Del:C:0	0.0001793856848962605	1.4012984643248171e-46	0.0027240451192483304	0.033889561860269354	0.3715306341648102	0.40418148040771484	0.050254927948117256	0.0006041173823177814	0.04005432464182377	0.041359251365065575	0.020107242744416	0.21599924191832542	0.008679462783038615	0.040969116054475306	0.13400036059319972	0.04706035247072578	0.032841379567980764	0.11596423909068107	0.022080296464264394
1:Del:C:1	0.00017447364807594569	8.591611617703166e-08	0.0	0.00021914909593760966	0.1010402612388134	0.05904961153864861	0.012819089367985726	0.031056278385221958	0.006883779168128967	0.008344549818957603	0.002691905293613672	0.2480779692530632	0.003122715093195438	0.0242983169388026	0.026334191185537748	1.4191437003319152e-07	0.02603052482008934	0.006804107707421281	0.0037947779637761414
1:Del:C:2	3.200464838926109e-05	0.0	8.44949874228007e-05	8.083119951152185e-08	0.004832258145324886	0.004019017506328737	9.819351305395685e-08	0.002837013313683201	0.004804920814516578	4.915396804250349e-07	0.0007461126272829688	0.0045586762303287285	9.25698441278655e-07	0.0017430623647328503	0.004981155548011884	0.0013585910148037784	0.001737076838499263	0.002548335805929014	0.002218017866834998
1:Del:C:3	0.0	0.0001346412827345489	0.0005756555720353163	0.0	0.005004041222855448	0.005034821666777134	0.004979655641432146	0.005989304264093676	0.00844106189906597	0.0099857397377491	0.003886578947003727	0.017969162669032812	0.004698773813754542	0.032070984691381456	0.005903737562584865	0.021357417479157446	0.0037653491031960583	0.006305711012100801	0.006841999478638172
1:Del:C:4	0.0	9.144339449491667e-05	5.51431446638162e-07	0.0008858095185587444	0.005098889290024289	0.004119756165891886	4.497978370636702e-05	0.0	3.282303850937751e-07	0.006831499999668722	2.8025969286496343e-46	0.026059540174901485	0.014037736726459115	0.03361969333318058	0.008550397679209709	0.006703316047787666	0.002073855884373188	0.0014306740846222964	0.006888151101088624
1:Del:C:5	4.588990751841493e-08	0.00014940592372312267	0.0025044201553129143	1.1043021768131211e-07	0.0007897619384394261	0.0011372897773981095	0.002054126542532231	2.332071481703224e-07	0.0007820548083515178	1.2873788364231585e-07	0.0010911635957313592	0.0027864267438033608	3.997222719931415e-06	0.05077245980501175	0.0024462067970546287	0.02965395583244117	3.3480663205409656e-06	0.0067190042708389795	0.08878425596304282
1:Del:T:0	5.52381738089025e-05	2.7363946628611304e-07	0.0013597879486042074	0.0077065154910087585	0.06802341323345899	0.118351311981678	0.0296933765639551	0.039638280682265756	0.020741021260619164	0.017310345731675624	0.019142400939017534	0.05198558047413826	0.007066379292064084	0.18516335636377335	0.009611445059999824	0.023232894390821456	0.002824103820603341	0.0010629003707038009	0.02320927381515503
1:Del:T:1	3.848220941904401e-09	6.356635276176803e-05	0.0	0.00033069876953959463	0.0879353255033493	0.02873072475194931	0.006143662147223949	0.0060074558481574055	0.006147726523329311	0.014081735908985139	0.0	0.016993563105097566	0.006337807762736247	0.03830895167775452	0.007884332053242816	0.0020607965136150595	0.010916791390627623	0.0011001566789715866	0.001979072276617444
1:Del:T:2	6.68769573053396e-09	0.0	0.0002513863018066331	6.57629840361551e-08	0.08864740262879423	0.06298894370793277	0.0030755318050069034	0.005917078145307642	0.013667991384863853	0.004478215556264331	0.04231752902269363	0.01848446366677763	0.014682055880621192	0.24496899507939815	0.002935585204977542	0.037313652038574216	0.002920184393406089	0.00026522756543272407	0.01029674665787752
1:Del:T:3	0.0007811868330463767	0.0005180540219043905	0.0019720588810741902	0.0039951876970008016	0.045036060735583305	0.15263682678341867	0.0033818513154983522	0.0039011579006910323	0.008767784636938813	0.003828609175980091	0.02650504225748591	0.0994439939968288	0.012359378486871719	0.16764842327684165	0.02825867459177971	0.02589707726147026	0.008970738691277801	0.010060775373131037	0.09387123545166105
1:Del:T:4	0.0009584368647665542	0.000895785866305232	0.032904083126228965	0.0033795077044487696	0.12963018640875817	0.07355652581900358	0.0	0.002036879025399685	6.866362475191604e-45	0.01918170563876629	0.010317726247012615	0.0013833981938660145	0.036350934009533376	7.56734109017998e-05	2.8025969286496343e-46	0.10937327593564987	0.04747347380034626	0.010766776837408542	0.039481943286955354
1:Del:T:5	3.369018983789829e-08	9.68255065458834e-08	0.9290030896663666	0.026349077836130164	7.201973062365141e-08	0.0023321762535317703	0.027634618954022017	1.8186416014032147e-06	0.004826565925031901	1.4682238145269366e-06	1.9272951291782193e-06	2.7358942134014796e-06	8.781173818306342e-07	0.006671459452695672	0.006359994674562585	0.03682565234630601	0.009898267215862866	2.069786602116805e-06	0.31686553839845144
1:Ins:C:0	0.0	8.845135077706345e-08	1.3212227045755753e-07	7.22595487189892e-05	1.5152923538153118e-07	8.516390670454399e-08	0.0016209856851162386	0.004473469863182799	0.0014514503113758793	7.604622737744649e-07	0.0033932920233070265	0.003292478464618398	2.49027169729743e-07	0.0020484364654819844	0.0035615514651681224	0.0	4.7522057400328777e-08	1.2723567408556846e-06	5.052869390453907e-07
1:Ins:C:1	0.00014617448975293713	6.5506638691204e-08	1.681453781543496e-07	7.244018576102463e-08	5.157688683254946e-07	2.366752934079841e-07	0.0008700283466623659	0.0029352949280678333	0.003538116826865689	1.9608266654813634e-08	2.8025969286496343e-46	0.00010445993393659592	4.287481658593606e-08	1.257901956819296e-07	0.0022814236115664245	5.090532795293257e-07	0.0012366208338733032	3.1307741323871594e-07	2.214195909289174e-07
1:Ins:C:2	5.573434265215838e-08	2.5810606913978517e-07	1.5811121762965285e-07	9.493663739590375e-08	1.0005439733618005e-06	0.0001361067333567556	0.0001986103813067075	9.349423675644175e-05	0.0007268140503725818	2.669734911364685e-07	3.583685526109548e-07	0.0023961162600166118	5.013117402086209e-07	5.508637678985906e-06	0.0001119889970254917	2.062215301634751e-06	0.0008077396394810421	0.0001248765710336386	1.327818011986892e-07
1:Ins:C:3	9.741799636486804e-06	3.1469152474983273e-07	3.0189231381427814e-08	0.031219832021042747	2.2196458075995907e-07	2.180332664636353e-06	0.0004296763939038328	4.72354818725762e-07	2.682180280544344e-07	0.6110731571912765	2.987661417819254e-07	9.560819307807833e-07	6.237087859517487e-07	8.123096790768614e-08	0.004684024805385434	8.407790785948902e-46	0.0004845362347424498	0.07996704955862696	2.8300478760456826e-07
1:Ins:C:4	1.5311862000544352e-08	0.0004305762471631169	0.00038741232476340314	2.723514335229993e-05	0.0	2.8053767664459883e-07	0.00132579818159968	8.057835647150569e-05	0.0	0.004236722911446123	0.000777676934376359	0.00014330468906109672	0.0019212810025912574	1.66422723850701e-06	0.0006380458595231176	0.004733996652066708	0.00041023641088600016	0.004663992003770545	0.005671541579067707
1:Ins:C:5	0.00023064653505571185	0.022842851555469678	0.004458359052362937	7.010206104496319e-08	1.274170813303499e-07	0.002071515470743179	1.5866327203184482e-07	0.0	0.006213026121258736	3.4496407124606776e-05	0.0042339136824011804	8.658220176585018e-05	0.013857397400477112	0.003542528301477432	0.0	0.0040780244571578805	0.021573928371071815	0.05796809561510656	0.08635569275829766
1:Ins:T:0	5.554656069364228e-05	0.0	0.0	0.0	0.014416771848277676	0.005486797943740384	0.005965207144618035	0.0037876084446907044	0.0003036707900037072	0.01384132532134572	0.000930931673551072	0.016224043220245222	0.003577131738211392	0.009134737402200699	0.002499556985867457	0.023593198896969626	0.02954958868212998	0.0011364463925019664	0.002909462712705135
1:Ins:T:1	0.0	0.0	0.0003604209552804605	2.413637901099719e-07	0.013029430884699877	0.005095439629826615	0.001574388004564753	0.002045046148828078	0.003259229097636762	0.0	0.004291852284222841	0.013907701975904274	0.002307788809775957	0.013283384669284715	0.006259866940831671	3.4309574630242424e-07	0.005903284130477004	2.3018717030254265e-07	1.3621004768538114e-07
1:Ins:T:2	0.0	1.3417189848041745e-08	3.037680329498471e-09	1.4241761618905003e-07	0.002246414520777762	0.0013585174876993733	0.0012428060845195432	0.004639714689392349	0.0005260766483843327	4.698615356346636e-07	0.0005691402591764926	0.005121437893558322	5.404906460171333e-07	0.006232510456879936	0.0009083514044505136	4.920577879374832e-07	0.0040181010921997995	0.0006397764198482036	8.01597991539893e-07
1:Ins:T:3	5.079891813863924e-08	8.276437597487529e-07	0.00014160610056279666	4.038028123432014e-07	0.0018900210339324985	0.0001826670121090501	0.0006863220621482924	0.000451028556244637	0.008022521622478962	1.1586729442569776e-07	0.0	0.006040468253195286	0.0004487480920730036	0.005526498685435399	0.0010562604609056336	0.001951640677202704	0.004329164890685888	0.005204755132017169	0.013653375038165905
1:Ins:T:4	6.176901337084928e-08	0.005365327682102361	0.0001996791201918313	0.0	0.0027949743136190365	0.0042531502193241975	1.2851018055926034e-06	1.7402767582552768e-08	1.7056925571523607e-06	9.809089250273719e-46	0.017296706814477147	0.004210639465600252	0.09024816779710818	0.01597962568934861	0.0015065574559912421	2.168335061014659e-06	0.03159389693942103	0.017804250042448188	0.047556467540562156
1:Ins:T:5	0.0007898618794573538	0.9590677917003632	2.730668029471417e-08	2.908138640224265e-06	0.00027730233680358653	5.599721242255384e-11	2.079487483115372e-05	3.169825631297446e-06	0.023152755021965277	2.7801538635685576e-07	0.07599595141728059	0.019646306558934158	0.11935215738485568	0.0102835760372562	4.048404389322968e-06	5.596210632319299e-06	0.5203570276498795	0.04419536151388019	0.029116947269435277
2:Del:R:0	0.0	0.00015389244216663657	0.0	0.00218887347728014	0.010104214958846568	0.010195521125569939	0.01939136441797018	0.002132908464409411	0.008024378307163715	0.0129495514632481	0.0006947443820536136	0.02254145558088112	4.995219683223695e-07	0.0023572953417897225	0.020524044055491686	0.00689086823258549	0.005150138225110368	0.004172070660933969	0.0
2:Del:R:1	0.0005197456746827811	0.00045181294553913175	0.0015815082588233054	0.0	0.006243699889091658	0.005886323889006917	0.00796303756069392	1.2107208021916449e-05	0.018255703686736523	0.0	0.0020661657257505794	0.006303391485766951	0.0	0.0019559530541300774	0.009463321953080594	0.032589880377054216	0.0	0.001556666009082619	0.003218454885063693
2:Del:R:2	4.85551064741685e-05	0.0	0.00013375396683557028	4.466351128940005e-08	0.000558401428770594	0.0007670589811937135	0.0003367569215754429	0.0013809778294216813	0.008926456813117056	1.6566099247938837e-07	0.004344773292541504	7.83940777182579e-08	0.0015922437840416137	0.006194101347182368	0.0029162028156008548	0.003029241867034216	0.0	6.705818273644581e-05	0.00528858833281447
2:Del:R:3	2.333686808242419e-08	2.9143718904833803e-08	0.00039001795036526233	0.00033344969667403745	0.00024966740393495	8.603144408425578e-06	0.00011514824857883355	2.8208543625396485e-07	0.00025927496062081443	2.0473626776151833e-07	0.0004796983709070446	0.0004154779191594571	2.0300993668342927e-07	0.0004834781591114279	0.0010986279380304608	6.328085646600812e-08	2.2516839237596286e-08	0.0010328623893848033	0.0008495051907857487
2:Del:R:4	0.039574252613510906	2.441087431748201e-07	0.0004681133262558035	4.3628860026956315e-07	1.1758560276575736e-07	1.4108169574811313e-07	9.449871356537187e-08	8.319229749531587e-08	5.728225914936047e-07	2.9661494522770225e-07	0.03566046127452864	3.5346163258509477e-07	0.32939283400774	0.0031328510925845874	1.87839032150805e-07	0.005304934965283792	3.203287997166626e-06	3.39338237154152e-06	7.429394429436798e-07
2:Del:R:5	1.1989455117600301e-08	1.5122632461839204e-07	5.268720476792055e-07	4.152214671648835e-07	0.0001973901426012503	8.085923582257237e-07	0.001607249709221037	0.0017062693377795312	0.0032424876575873895	3.7191379647083523e-07	3.7054616512932627e-07	0.0007196347238277667	3.81792963821681e-07	2.1382361182986643e-06	0.0027375669528851175	2.0379961507899225e-05	8.156715232132683e-08	1.0689397527130495e-07	0.00010291297183186998
3:Del:R:0	1.094598587769724e-07	0.00015679061748414825	0.0	0.0	0.001744818309089169	0.007052181711696903	0.0025398103520274163	0.018554175877943634	0.006820103624033891	0.00011314315743220505	0.0009395101107656956	7.94841496826848e-05	7.183618556609872e-05	0.00010914794808343231	0.012230904796160758	0.010144075242249074	0.000748060317710042	0.0	0.0012655335923227539
3:Del:R:1	0.0003505093341289012	0.0021928711503278464	0.002851799502968788	0.002387054336779215	0.0033714157345002605	0.0002400352619588375	0.0	0.0038607418537139893	0.007190054655075074	0.010098133504936869	0.002649480354739353	0.01190877566114068	0.0011968052946031093	0.009085922204212693	0.004180994257330895	0.0016052283346652985	0.024445492797531186	0.010170632955851033	0.0018821617239154875
3:Del:R:2	3.863743563528033e-05	4.2819309271635574e-07	0.00019612404163922293	0.00035111050728460215	0.0014950038865208625	0.004025011975318194	0.0010086544973091805	0.0017534031371695847	0.0011491543147712946	0.004011942341458052	0.0	0.0045942679513245824	0.0010669569496684517	0.006846748036332428	0.0	0.010240240767598153	2.2402566060009122e-07	0.0001428147195838392	0.0033597594127058985
3:Del:R:3	3.9750625191459224e-08	5.559190994119945e-05	1.1493788747429789e-07	2.3165965075122584e-07	0.0003086595975673845	0.00010475012130086724	2.0379246450374923e-07	1.3791495803161525e-07	8.929674056190606e-07	2.8985201936393425e-07	0.00013072862489593717	1.498116688480877e-08	0.0016621883104875224	0.00033280256712373555	1.643776138848807e-06	0.0013869516329748422	0.0008377148897018571	4.958631028451066e-07	2.2480429606730468e-07
3:Del:R:4	1.0228410491919249e-07	3.39636802948462e-07	4.5802525505678204e-07	5.129836083028749e-07	1.7638734846059377e-07	1.9574093284013828e-07	3.686623564647107e-07	6.172290596850871e-07	3.160235404919831e-07	6.39116559852937e-07	5.587826429120924e-07	1.432822600122563e-07	1.115477263624598e-06	9.223633810506726e-07	4.969768632179239e-07	4.3635015458676205e-07	3.086907494065372e-07	7.46153972208674e-07	3.352645222776118e-07
3:Del:R:5	1.022841094044935e-07	3.396368015273765e-07	4.5802525505678204e-07	5.12983602618533e-07	1.7638737404013227e-07	1.9574094205498939e-07	3.6866235220145427e-07	6.172290397898905e-07	3.1602354333415406e-07	6.391165641161933e-07	5.587826059638701e-07	1.4328223869597422e-07	1.115477212465521e-06	9.223633867350145e-07	4.969768739648828e-07	4.363501290072236e-07	3.0869075544615044e-07	7.461539468067713e-07	3.3526455638366316e-07
4:Del:R:0	4.100665887136756e-05	2.337997777885903e-05	0.00047963598615581305	3.5930719946009047e-07	0.000518588008964116	2.419483405446954e-06	0.004752477685289591	0.010925560059149575	0.004767324426211417	5.031024556956254e-07	0.002803899208083749	0.0009884643897521527	0.0	8.331295475727529e-08	0.011150554198690089	0.0	0.009059834255072018	0.017402966860016987	0.00464000478386879
4:Del:R:1	0.0	8.315040247452999e-08	8.656405614715368e-05	0.0011700412607950738	0.0016251792875010551	0.005669862376544188	0.0017684653401374816	0.0004816861357539892	0.02178247413369263	1.022492313040857e-07	0.012102420046153384	0.0053961830225460975	0.001639955830540174	0.005848316302785861	0.0010936232334643136	0.0017914613801451652	2.627718399139667e-06	0.0006398540302996025	0.0011616637281594677
4:Del:R:2	4.4120300657368715e-08	4.544122305105702e-08	0.00022094533269410022	7.231015780746475e-05	8.415554049179264e-08	8.236628422650938e-05	3.91988726278214e-07	0.0004267878414225379	0.0007717733099354973	7.68746929225017e-08	3.7855414802834275e-08	0.0008955486809611557	4.2616590008037746e-07	0.0027348716107042036	0.0003772434651182266	0.0002741105660092558	8.76551297324113e-08	4.68693067190884e-05	5.371093922832415e-05
4:Del:R:3	8.734771093088511e-08	2.816991603538099e-07	3.968544341148572e-07	4.279546772067988e-07	1.574685022376343e-07	3.638056181864968e-07	3.221063508362931e-07	0.0002973443945990084	2.0511285150348613e-07	8.080574218638503e-07	5.547680821393897e-07	9.311609190376658e-08	8.608748245819697e-07	1.252968002063426e-06	6.323667424368295e-07	9.081071880245872e-07	2.479168148994404e-07	7.072939007812806e-07	4.5336320724231883e-07
4:Del:R:4	1.0228410429746759e-07	3.3963680579063293e-07	4.580252607411239e-07	5.129836196715587e-07	1.7638734348679463e-07	1.9574095022623084e-07	3.686623514909115e-07	6.172290852646256e-07	3.1602355115012416e-07	6.391165399577403e-07	5.587825917530154e-07	1.4328225859117082e-07	1.1154772252552903e-06	9.223633242072537e-07	4.969768826690313e-07	4.3635014463916376e-07	3.086907710780906e-07	7.46153927799753e-07	3.352645222776118e-07
4:Del:R:5	8.063599969965196e-08	2.3200536283241036e-07	9.787369777711775e-05	3.898322514572783e-07	1.3198591517493696e-07	1.3610244085082712e-07	1.8818914071516701e-07	4.491989443522471e-07	2.6185171329018433e-07	6.068328296748859e-07	4.093886431633109e-07	9.857412912595009e-08	6.246274580234967e-07	7.47929681210735e-07	3.4702827349519795e-07	2.5085321340156954e-07	0.00023711478786694328	5.46306315563072e-07	0.0014284527041922956
5:Del:R:0	2.8025969286496343e-46	3.740847976985151e-05	8.386894592149475e-08	0.0015999918803572654	0.010245472594459671	5.599640573450415e-09	0.29478947818279266	0.2738033697009087	0.10925609009752861	0.0018997687050955393	0.05251740664243698	0.006455147638916969	0.00465270845033956	0.0014090275391936303	0.12975075891663437	0.011062282512466482	1.2912717011204223e-07	0.03091912535019219	0.005416470161389952
5:Del:R:1	3.397455959222029e-05	0.0004125362172317182	0.002829354943241924	0.00011541271977932865	0.0004154374044432529	0.0	0.000992546524730642	0.0	0.0	0.0007589310966218399	0.004749321087729186	0.00032804086804389955	0.0017166495556011796	0.0	0.0013661425560712813	0.0002699636688589635	0.004465082086078098	0.006200912047643214	0.011025960691864612
5:Del:R:2	1.0289289633647059e-07	2.479993248982737e-07	0.0002611169136372382	1.8431334893875829e-07	1.647979388508247e-08	7.730804014727255e-08	8.158286711079654e-07	3.729118440958246e-05	6.774496193315827e-05	4.807229800007917e-07	2.9025886192357577e-07	4.2323270577071524e-08	9.646658711517375e-05	0.0026780105117012454	0.0012374666908442577	0.0001752419021102014	3.665877784442273e-07	0.00010941782581284088	0.0014669679070522079
5:Del:R:3	1.0228410842749725e-07	3.3963680436954744e-07	4.580252635832949e-07	5.129835997763621e-07	1.7638735059222199e-07	1.9574094263230534e-07	3.6866235362253976e-07	6.172290454742324e-07	3.160235404919831e-07	6.391165470631676e-07	5.587826287012376e-07	1.43282274223111e-07	1.1154772110444355e-06	9.223633469446213e-07	4.969768412799169e-07	4.3635014037590734e-07	3.0869075509087904e-07	7.461539095032777e-07	3.3526452085652637e-07
5:Del:R:4	4.044274604098064e-09	1.527936481338088e-07	6.688783926733777e-08	0.000771482280060809	8.464939629249102e-08	1.57478559970059e-07	8.419410960414098e-07	4.279906669069078e-07	3.8517935418980187e-07	0.0006766929055714854	0.0008505575072419447	0.0004490990489500746	2.44348484557122e-08	1.0257133240543225e-07	0.00031009959463972335	2.7584651398626645e-07	0.00045553615559441597	0.0007505951621197937	4.596232813014467e-07
5:Del:R:5	0.25891210564095674	7.195731086540035e-08	1.113869025459735e-07	1.4012984643248171e-46	2.4889658902793597e-07	9.261818263439636e-08	3.217196081095608e-07	0.0	0.014332613644080538	9.692841700825738e-07	0.32437804043293	1.204615273309173e-07	0.20668640985786624	2.8025969286496343e-46	0.007729769307422885	0.024704135692871887	3.7953038827254205e-07	4.432234561591031e-07	6.00465330080624e-07
2:Ins:R:0	1.4983619299613338e-05	6.020073431614037e-05	0.0005566467975938849	7.046582197745011e-08	0.00016564722486691607	0.004372319667958635	0.003101547706205565	0.0015911279745282059	8.545337477698922e-05	0.0013038089102678895	0.008061570048380418	2.5099711820075753e-08	0.0013342971141298676	1.1690110261497466e-05	0.005673261726212786	0.0010303793999355548	0.0012715235352516174	9.836152894422412e-05	0.0
2:Ins:R:1	0.0	1.9689892383212282e-08	1.63621974266448e-05	5.1253178743593256e-05	0.003172246809995727	0.0015358104940219163	0.0015975378401208219	0.0036760893666496486	0.0034778605706378583	0.0005773517138322859	4.640666986688302e-07	0.002468809066340327	0.00011677871452207001	0.0015183178726033476	0.002944068467123628	2.2491997242468642e-07	0.003940238646873695	0.004992289529263871	0.006663424970787446
2:Ins:R:2	6.144753683656745e-09	0.0002844343196812815	0.0007334640065892017	1.4012984643248171e-46	0.0005416431652413678	0.0004971038755272161	0.001153511269876617	0.0002410705467291052	0.0012636149155156318	0.0012387158935212028	0.003599887981868477	0.0023461410005438665	0.0011075552221541328	0.00024064654547260034	1.700191173767962e-05	0.0024397519417107107	0.0	0.0005167726455283627	0.00014240212025242726
2:Ins:R:3	0.00023249633959494532	3.7227960746122334e-06	6.879600258002938e-05	4.2124245851482557e-07	0.0001331859400494295	2.135953322977002e-05	0.0	4.043859291869012e-09	0.002975909116804587	5.659675821334531e-08	0.0017757833823225156	0.00016473057396524383	0.0011711821845324267	5.91476350564335e-08	1.9548280505432558e-07	0.0016638147471553567	0.004887753049843013	0.007835998578880777	0.0006312075205684664
2:Ins:R:4	3.1689381074784253e-08	0.0004914451484252069	0.0010825014734166416	1.437192732822723e-07	0.0	2.086199987161308e-05	0.0	0.0001814591698348522	0.0	0.00032397785393811773	0.002336640741179252	4.876180355495307e-07	2.1008441422054602e-06	1.269680797122419e-06	0.00017487609293311834	0.0019479604437947274	0.012837159596367087	0.012530017841459084	0.0022681870537780923
2:Ins:R:5	6.057123869140924e-09	0.005366903031244874	0.005555761771108792	0.0001010245149979383	0.0005738821911791092	0.0015490908947185743	5.899548341403715e-07	0.0014676523695356992	0.0024586922692151347	5.173399699742731e-08	0.008069157890190581	0.0017612051218748094	0.02326494580177041	4.821803941013058e-07	0.003445632569491863	0.006090074486928642	0.07738847057335078	0.00029363889199203187	0.06594083440257918
3:Ins:R:0	8.703786846808726e-09	6.181051404041682e-08	8.105531392743615e-08	7.641010881798139e-08	0.0012684980702431404	0.0003758236165765538	3.044069806890093e-07	0.0005376537526771586	0.0021670755893865136	2.3482666904328654e-07	0.0004573975083616233	0.0008292833846780922	3.905550528315871e-07	6.736053478562098e-07	0.0017790631978385819	0.00038135416535283183	1.8726572648120055e-07	0.00024767066641508963	1.0182601840824646e-06
3:Ins:R:1	6.715017725333894e-05	9.660185344984029e-08	0.0	0.00011938348314970426	0.0022449851933998843	0.0017985189289049686	0.0	0.0004682991362017219	1.300729536524159e-07	4.314307909680793e-06	0.0004445605651881124	0.0010714677395299078	0.0020087108858433565	0.002389663995131741	0.0005803657913617144	7.242387880523893e-08	0.0016380605390004632	0.00010733501985669137	0.0023518676275784854
3:Ins:R:2	6.496501669950305e-08	2.5102292156020667e-07	2.8707477923717305e-07	5.367346531670592e-07	1.2041311414634492e-07	5.727671990030103e-07	2.2701673003666655e-07	2.3413892336066056e-07	0.0006513861371921336	4.677111959949798e-07	0.000453055609605002	8.81885938497362e-08	1.2440334785424056e-06	1.0149221168376243e-06	0.00045065241238404494	8.841059440101162e-07	3.1944063110245225e-07	0.000109901073852825	9.399496633477611e-07
3:Ins:R:3	6.613132285337997e-07	3.0261676897680445e-07	1.1764551004489476e-07	0.8507854461669921	2.8025969286496343e-46	4.887959903498995e-08	2.746685595411691e-07	1.045974414637385e-07	1.029334725899389e-07	0.1159438216487388	0.015873631284216573	9.947944477062265e-07	1.2394802524795556e-06	2.0941016600772855e-07	0.0014105870974617575	1.7138050225184998e-06	1.7616674483633687e-07	0.33468974574598176	1.6749832383311514e-06
3:Ins:R:4	3.252503741890678e-08	1.4318715173544662e-07	2.956685058563835e-07	1.2321037274887202e-07	9.432478123017063e-08	6.112163390525894e-07	0.0006752924552699824	0.0003926627635053137	0.0008018570610147435	7.416891342870713e-07	1.6775486244569036e-08	0.0001391688817875547	1.2176475792102792e-06	6.261766202442231e-07	0.001960505801253021	0.0012908479481666291	0.0003992850473522935	4.032990034374961e-07	6.336169334986152e-07
3:Ins:R:5	2.94512105369904e-08	2.2105278418393935e-06	0.0008146473796870168	3.3351290973371306e-07	3.258721051224711e-07	0.0	7.317534914363932e-06	1.290346006044274e-07	0.0006950182194486842	0.0003134244793045582	1.1677389579745068e-07	0.0013803113922165266	6.825993693837517e-07	0.014137012099820368	3.472526714176638e-07	0.004151239850534694	0.0010915085545093461	0.0005465343131518807	0.005013588005292035
4:Ins:R:0	1.3773664875316172e-09	2.4165711467105665e-05	2.511437038776876e-07	3.761612568098371e-08	0.0014706699529881463	0.00023535257788864783	0.0007532539788826398	0.0005319172295941144	0.0019960198417379614	1.2044519621667859e-07	7.006492321624085e-46	0.0028332738346989574	3.441769436562936e-07	4.524105179370963e-08	0.00010329051801818422	0.0007076060963413511	9.591858116664297e-08	0.0003615500405430794	0.0010855084002997727
4:Ins:R:1	5.465989971753515e-09	0.000128886125162353	0.00040333587747625187	0.00031543719655928725	0.00039051133789200774	0.0009186793644914814	0.0012013068556996132	8.578654607447334e-05	0.00021221609702308796	5.066017592980643e-07	0.0021567835238784027	0.005662494305130395	0.008764946349090507	0.0006768455263227224	0.0018205174026832082	0.008152761310338975	0.0009967403397808995	1.6094087186502294e-06	0.00743096811347641
4:Ins:R:2	1.7453915859277914e-07	3.4656173113489787e-07	2.0590860856373182e-07	1.9739149195174833e-07	1.743056184722036e-07	0.00026635618136481296	1.14571563329946e-06	2.993634950598789e-07	0.00025934677433880893	7.563912078012436e-07	0.004511868781861494	2.2666176562324837e-07	2.757789690122081e-06	1.1963982714746636e-06	0.0004086677336005096	3.972378269878618e-07	0.00021049229702896355	0.000518368219502463	0.0019772478841332485
4:Ins:R:3	1.0900780367251173e-07	2.2825979826279763e-07	0.00019880492949368999	4.6764779213503973e-07	7.889613584666222e-08	2.027921496505769e-07	2.2627781426365345e-07	5.431231215879961e-07	2.119049653970251e-07	6.531448832447496e-07	4.1000242347877245e-07	1.1384914699874571e-07	9.191631836102942e-07	0.000332893299821535	4.0704739543429016e-07	0.001541929327088809	1.882414892406814e-07	1.164953275889502e-06	0.0011953629216790774
4:Ins:R:4	0.00035304698819231816	3.286886567366309e-08	6.895504434112354e-08	5.373703800160001e-07	2.2850423135878374e-07	7.012648122639575e-06	4.044806303227233e-08	1.1976464406870945e-07	0.0006022317507831332	1.9528484699549154e-06	0.002215291622087534	0.0	0.0013000951093090408	7.819091166538783e-07	1.9264336970081785e-08	0.0005493447248682059	9.965858929206207e-08	0.0004731369201735447	2.2876658505310844e-07
4:Ins:R:5	3.471773976215786e-05	0.00023411898977485635	0.0007710944395910247	0.0001899931326704518	0.0	2.8065642254659906e-08	0.006697675194618569	0.000528935554734744	0.0	6.843956070952117e-05	0.03178876909078099	0.002785509561243771	2.2704376732463062e-06	0.005097849879740579	0.008282715517270844	0.002416451477984083	9.074494074070571e-05	0.0016003260388970375	9.507442825906765e-07
5:Ins:R:0	4.782512270651296e-08	1.5549975245221504e-07	4.29689540766276e-05	0.00037252950836830223	1.5448111980731483e-07	1.82257837749944e-05	0.0005428937163571845	1.756613205117219e-07	0.0005199223938234354	9.536247404184905e-07	9.846346671338325e-09	0.001029430677091625	6.916716301930138e-08	1.5072198607413156e-06	0.0012077624966991608	7.605452196912666e-08	1.2307376096032385e-08	5.4229494216428976e-05	4.600957424827357e-07
5:Ins:R:1	0.0	6.107543013058602e-05	8.498735405737534e-05	0.0	0.002077797097666689	0.0005821197177283466	0.010934484517201781	0.009577274089679122	0.0041674385778605934	0.007977128998459194	0.0036415927112102508	0.015590193029493094	0.0013641801429912447	0.0002889159368351102	0.005377867273455195	0.0038117140794383885	0.010768148675560951	0.004083086550235748	0.0013982353499159216
5:Ins:R:2	1.0228410278756428e-07	3.396368143171458e-07	4.5802526926763676e-07	5.129836168293877e-07	1.763873271443117e-07	1.9574095291297056e-07	3.6866234793819784e-07	6.17229065369429e-07	3.1602356749260706e-07	6.391165157992873e-07	5.58782611648212e-07	1.432822799074529e-07	1.1154771982546662e-06	9.2236331283857e-07	4.96976864283738e-07	4.363501517445911e-07	3.0869075438033635e-07	7.461539148323482e-07	3.3526452938303917e-07
5:Ins:R:3	9.788127363492549e-05	0.000190612455629946	0.00014652781576387496	2.342342568795175e-08	5.853120477183893e-08	3.96608796648934e-07	0.00013996916823089123	1.1031409457018526e-07	1.3165585315277896e-07	2.0243510618911386e-07	0.001350225880742073	0.0	0.002588442440762151	0.0005358099689658502	8.0335604479842e-08	0.00035079772579145186	0.0007451761374227317	1.833183915778136e-08	0.00021720230975006417
5:Ins:R:4	1.0254603850512467e-07	1.7829151515158516e-07	2.3327271136963645e-07	3.8353949207703406e-07	0.0003617390859702141	0.00015558050053243733	2.7224706116157905e-07	3.3003870072434436e-07	6.727886290747164e-07	3.535010961286389e-07	9.143978232373229e-07	0.00012065422145610683	6.736630112413877e-07	7.325926560497465e-07	5.508582034963183e-07	0.0003547574623304683	2.2614972579049207e-07	1.434034113145799e-06	1.4524859679454493e-07
5:Ins:R:5	2.1909154668264818e-08	6.57755185784481e-07	2.5660733413701566e-07	2.438754918898667e-07	4.6872272996267836e-08	1.8650336173209325e-07	0.0008072344385169572	0.0005211521113778872	0.0002317461322380865	0.00027477354184952675	2.7299326461616146e-07	1.1479142472126114e-07	5.188221081198208e-07	2.1954572986260247e-07	5.2788219306876274e-08	0.00043092192455560505	4.1711265374999584e-06	5.556331785783186e-07	2.2047047778528395e-07
2:Del:M:1	2.0000500811079293e-09	0.0001000086214816065	1.118720632575787e-07	0.00028530294075608255	0.0024865218250852195	0.000960771417970463	0.005577163929751805	0.007827488231453118	0.012295057368464767	2.2739386622561143e-07	0.012554423068650067	0.008300969171139627	0.0013706670142710209	0.0022720486391335725	0.008809731900691986	0.0011029245186364278	0.003529549879021943	0.002008527539919669	0.004464693690135846
3:Del:M:1	0.00016550908785148977	9.550466728569517e-09	1.039114714274092e-07	0.0	0.0010787315803781894	0.00011180777986510292	0.00631578262966741	0.004139787088763569	0.04073568284511566	0.0030719238440667595	0.02008975762873888	0.006908948264344872	0.0028033365262672303	0.005786205643516951	0.0032427513519365904	0.004806693989803534	3.636820474639535e-05	7.706678388785803e-08	0.0005019394680857659
3:Del:M:2	0.0	1.2241109175192834e-07	0.0003473434051699087	0.0	0.0004335612853253679	0.004053663533704821	0.0018953229959151941	0.007141787017098977	0.011429153117956049	2.8025969286496343e-46	0.002597391068570687	0.0023840123451009275	0.0051353307318436235	0.005138337853668418	0.002411406554529094	0.012127674433452284	0.004928757595405386	0.005633488789112562	0.02157457198594557
4:Del:M:1	0.0	1.3562778988784885e-08	0.0	0.023345120530575515	0.0	4.804782633982541e-08	0.002292750429148782	0.0013414104530511395	0.016593090216753127	0.07135163368657231	0.0001476519857533276	0.007088507805019617	3.151590760808176e-07	9.320490221398359e-07	0.0011558192260963552	0.0005381028754470662	0.013477459032037587	0.10162030160427094	1.4012984643248171e-46
4:Del:M:2	6.364681048864895e-09	0.0	1.3249892845124122e-07	8.565726545839425e-08	0.0003523496212437749	0.003809288703286029	0.004712223902083678	7.657861260668142e-08	0.0048391996611826475	0.0027403101714071456	3.1391036259265093e-07	0.0025341597385704516	2.472847540957446e-07	0.0017670631550345205	0.00901317927055061	0.005414321253431354	0.005784370288529317	9.726336401172375e-07	0.001216564606158954
4:Del:M:3	2.160020271908536e-05	2.667198160111184e-08	0.0	0.00013247951474539831	0.0010652614698756224	0.006432708497641215	0.0008370001293044993	0.0006845929150841812	0.0003722731731954809	0.0020062774312009425	0.0006871485617011786	0.0064005828811787065	0.0017203623611180773	1.675673047429882e-07	0.0005265129962936044	0.0017080060392203223	0.001386311469379109	0.001189415086992085	0.0001608117923915131
5:Del:M:1	2.0298048752920295e-07	8.997906775221054e-09	9.227368309439044e-08	0.0018173902102148532	1.4601126849811407e-07	1.4012984643248171e-46	0.177555563300848	0.40408816039562223	0.36796488240361214	2.6203622837783767e-06	0.03287237896697661	0.005169127881526947	1.3119507457304281e-06	1.537948037366732e-07	0.16067564934492112	0.02907715868204832	0.010227389864076031	0.04918487987611116	1.430158249604574e-07
5:Del:M:2	0.0005275957789621089	0.0	0.0001995230327366926	1.4012984643248171e-46	0.0007535022953510051	0.000530046975472942	0.23442977219820021	0.03791896225884557	0.11224222610835569	5.539076710192603e-07	0.004796718907891772	0.008481115847826005	0.0015026246663182973	3.798195848503383e-07	0.09365138038992882	0.01999423905972435	2.8025969286496343e-46	0.0068858484402881	0.011198181836869025
5:Del:M:3	6.604531108678202e-08	0.0	7.393811074507539e-09	0.0007031544577330351	0.002122924600149645	0.0005033133805909529	0.029482215363532304	0.06510926734777059	0.0329451824489297	0.004861572384834289	9.485513032814197e-08	0.013796295172505779	5.928444011260581e-08	0.003721778839826584	0.06991302687674761	0.0048433241434395315	0.0	0.0013948515988886356	0.0072509411722421644
5:Del:M:4	0.6955506443977356	4.516025171596994e-08	1.2442639117176865e-27	1.4896529592078879e-07	1.3804893869690368e-24	0.002479320487464065	1.740987954690354e-07	0.006526987757952079	0.0011082460172474385	2.998203132089964e-24	0.15805135890841485	0.06475568062082857	0.0555906810792294	0.019088660962097492	0.09970653504133224	0.35175000371173154	0.028210891410708427	0.013358589284950994	0.00792547578275844
5:Del:M:5	2.1531246829908924e-08	3.6811309556128435e-08	0.0024470983336584594	0.004703831195479324	0.0	4.657103886529512e-07	0.01999894346291171	0.013541750146569598	0.009745224658399821	0.002824490843249805	0.0027949201499666287	8.419101646950366e-08	2.92599366957802e-07	0.001459210310792969	0.048305201515040606	0.046624628100630616	0.0010209676564386428	0.001701210104886286	0.006643218893134417
