MutationType	ID83A	ID83B	ID83C	ID83D	ID83E
1:Del:C:0	0.02639797106385231	0.162628635764122	0.007280891224218067	0.03980620987713337	0.00016908738762140275
1:Del:C:1	0.009920729510486125	0.05157132595777512	0.001426717320282478	0.00900549590587616	0.002187943656463176
1:Del:C:2	0.00025663127453299237	0.0027609226759523152	0.00024088420632324415	0.0003684030700242147	0.00040004543188842945
1:Del:C:3	0.0031099736923351886	0.0067493374925106766	0.00048218585616268685	0.0034404722042381763	0.0009513574723314377
1:Del:C:4	0.0010464143182616682	0.006469900719821453	0.0	0.006931655318476259	0.00023343301436398178
1:Del:C:5	0.002975001320010051	0.0008390834456804442	1.033306252793409e-05	0.013414240069687366	0.0006870718818390742
1:Del:T:0	0.007217552210204303	0.06051121205091477	0.003157792019192129	0.02016711374744773	0.00346597267780453
1:Del:T:1	0.002070701215416193	0.02224385365843773	0.00024398826208198442	0.008992403792217375	0.0002658017590874806
1:Del:T:2	0.004615018528420478	0.0411725141108036	0.0011963331868173554	0.019928230810910462	4.5409033191390336e-06
1:Del:T:3	0.0093793879263103	0.052200349420309065	0.008301506843417883	0.02412828616797924	0.0012600874761119485
1:Del:T:4	0.013120425026863813	0.03954415805637836	0.0009291409485740587	0.046347473934292796	0.0014565379387931898
1:Del:T:5	4.872669720157319e-07	3.46277128926431e-07	7.542899453483188e-07	0.7261836528778076	0.0005742631709438229
1:Ins:C:0	1.463040710802943e-08	0.001339870595256798	0.00014679690758327978	1.4234432867965552e-07	9.403224680255562e-05
1:Ins:C:1	1.688561392931831e-08	0.0006316927740854794	0.00027573153457041146	3.655727343065962e-07	0.00014916944939642464
1:Ins:C:2	0.00018065220647258683	0.0008430174697423354	0.0003617532318457961	0.00047591312613803893	1.523701848782366e-06
1:Ins:C:3	1.0485441879204415e-07	1.1194584044194045e-07	0.00018040297669870143	2.0092387870818127e-06	8.680836192098695e-08
1:Ins:C:4	0.0011836515186587349	0.0017396557435858996	0.000508578890003264	0.0002702984260395169	0.0007275158757693134
1:Ins:C:5	0.01931960806250572	0.00011823715176433325	0.00041031310975085943	0.0076105814892798666	0.0
1:Ins:T:0	0.002661043021362275	0.009089456032961607	0.0008059159416006878	0.0014337250977405347	0.0002210639275290305
1:Ins:T:1	0.0015223856316879392	0.007485304586589336	0.0005435487342765555	0.0009235324891051277	1.9994861213655605e-05
1:Ins:T:2	1.797611020037948e-08	0.0009371443593408912	0.00024879737684386783	0.002282641927013174	0.00023192466053103544
1:Ins:T:3	0.005348368221893907	0.0016448779671918601	0.0009028414613567292	0.0008885268118945077	0.0
1:Ins:T:4	0.013539090938866138	0.0003213795702322386	1.369236315440503e-08	0.0047127095516771075	1.4012984643248171e-46
1:Ins:T:5	0.8387958228588104	5.179441984681513e-07	0.01383318196340042	0.0	0.006135377109604055
2:Del:R:0	0.0007718772868997803	0.00855512274429202	0.00016577095802858822	0.001414719328749925	0.0003074786810373098
2:Del:R:1	0.0035008685430511833	0.008266027364879847	0.0	0.0022704699716996402	8.894576563989176e-05
2:Del:R:2	0.00038959172234172	0.00018614978798723314	0.00015625887991248532	0.002928157668793574	3.238629851693986e-05
2:Del:R:3	0.00017737029118816138	7.283510878828282e-05	4.24910284735347e-08	0.000521468615777465	2.908346914409776e-08
2:Del:R:4	3.3474695015911494e-09	0.0005553059127123561	0.00030367685394594446	0.0005057592217060147	0.0
2:Del:R:5	1.7431603458462063e-07	0.0001953655737935378	1.9207553219047214e-07	2.3907473440942794e-07	2.977131998704863e-07
3:Del:R:0	0.00014818164584831094	0.007934832526370884	0.0013920018915086984	0.0004343592578152311	0.00010994251638294373
3:Del:R:1	0.005042446264997125	0.002910909062484279	1.9022359154532438e-25	0.005126509442925453	0.0003558707656338811
3:Del:R:2	7.895824793990869e-09	0.001363948278594762	0.08991688564419746	0.0021881716733190616	0.0
3:Del:R:3	0.0007711580794421025	0.0003669508278107969	1.0848074261105012e-08	0.00025831307353882946	0.0006860251402031281
3:Del:R:4	3.1550790140499886e-07	3.724280873029784e-07	3.504926837649691e-07	4.1647905959507623e-07	2.4302388226260516e-07
3:Del:R:5	3.1550790140499886e-07	3.724280873029784e-07	3.504926837649691e-07	4.1647905959507623e-07	2.4302388226260516e-07
4:Del:R:0	7.1934383782945585e-09	0.0034029126865789293	1.4634730405305163e-08	0.0002823785162910042	9.390863024805184e-06
4:Del:R:1	0.0009236091020284221	0.002734218118712306	0.0	0.0025958658894523977	0.0
4:Del:R:2	3.2011403305887144e-09	0.0002686999152317071	0.00045641160977538675	0.0009395999397384003	0.0
4:Del:R:3	9.149185213885857e-08	0.0001554266836826912	5.5812113420472545e-05	1.1543936970781487e-07	0.00013588608619841125
4:Del:R:4	1.1903349417252684e-07	0.00013592617860638256	9.771982281137071e-08	1.4894829227785067e-07	1.0402194021708055e-07
4:Del:R:5	2.056298253449995e-07	2.2682382940786284e-07	2.436955192308687e-07	0.00013055404636190814	1.7564182535068086e-07
5:Del:R:0	0.0	0.15311471819877626	0.037936555221676826	0.0	0.0033593702053281048
5:Del:R:1	8.095609516090008e-09	0.00021345705608837305	0.00026376803070888856	0.005341476760804653	0.0
5:Del:R:2	3.0056933481148464e-05	0.000905538978986442	0.0008081262407358736	0.00015830373696097412	7.315368536424671e-05
5:Del:R:3	4.681405258111226e-07	1.1262463921468679e-07	0.8042785465717316	1.3805198307181854e-06	6.146545672436332e-07
5:Del:R:4	1.2391484958129694e-07	0.0003791732226204658	9.321804288475732e-08	2.2677579529784e-07	5.44105054345323e-08
5:Del:R:5	3.1550790140499886e-07	3.724280873029784e-07	3.504926837649691e-07	4.1647905959507623e-07	2.4302388226260516e-07
2:Ins:R:0	2.0434234144772745e-06	0.0014773019880522042	2.427139709340054e-05	0.00016261538520812024	0.0003489338396818198
2:Ins:R:1	7.4104770320104766e-09	0.0013975628768093883	0.0001232779227393621	6.639422516183658e-05	0.00030426537609606896
2:Ins:R:2	0.00019147991843055935	0.0006749527121428401	7.528458554588724e-05	0.0009940225325408391	0.0
2:Ins:R:3	0.0001764407731942086	0.00022986234835116194	7.003112578729542e-09	8.017474916854894e-05	0.00046213942071915426
2:Ins:R:4	0.0023330584983341394	0.0	8.741766421849206e-09	0.001961502362973988	0.0003549676053808071
2:Ins:R:5	0.012664708402007818	0.0010258215625071898	0.0	0.013990382757037878	0.0014651512916316277
3:Ins:R:0	0.00015649221348823517	0.0002470671854041484	0.0001834633687394671	1.8494538039925957e-09	2.61359030417907e-08
3:Ins:R:1	0.0001634098354131197	0.00031781125398993025	0.0022930924664251507	0.0011543839296791702	0.0001072859313214991
3:Ins:R:2	1.1367705177178777e-07	3.564786776877327e-08	1.6344545750079932e-05	0.0005001586163416505	5.259313870631388e-07
3:Ins:R:3	8.475331760848804e-08	1.0519117310536785e-07	0.002033764065708965	1.4831647696667005e-07	7.794439405017783e-08
3:Ins:R:4	3.1550790140499886e-07	3.724280873029784e-07	3.504926837649691e-07	4.1647905959507623e-07	2.4302388226260516e-07
3:Ins:R:5	0.0003482196174445562	0.0006372600008035078	0.00023993661961867473	0.0017508538847323507	0.0
4:Ins:R:0	3.288094190594393e-05	0.001248530566226691	0.0001392364969011517	0.0001255342423757355	0.00012695171978407415
4:Ins:R:1	0.0006191058404510841	0.0	0.0002918091851078941	0.0010938580720903702	0.00011386927035346161
4:Ins:R:2	3.25476004459091e-07	2.11723537435482e-07	3.560859141771289e-07	6.876247198306373e-07	0.9596247971057892
4:Ins:R:3	0.00014748667629902457	3.377664934411939e-07	1.2881049420432334e-07	1.637493660666678e-07	6.230171643899496e-05
4:Ins:R:4	0.00022075266792995763	0.0	3.594503983350705e-08	0.0002615352360933798	9.556446656233675e-09
4:Ins:R:5	0.0009902568825054913	0.00047226267051883044	0.0008129584166454151	0.00201277237792965	0.0003100418398389593
5:Ins:R:0	2.2351124933095435e-07	0.00013459413129339736	2.2449079253306082e-07	2.7492342979940076e-07	1.7204925342184652e-07
5:Ins:R:1	0.002185568760614842	0.007000048970803618	0.00038389799556171056	0.000554942969414185	0.0005804249460489075
5:Ins:R:2	0.00020892702648893645	1.486013179174961e-09	2.838779078473408e-08	0.00023682386676888713	3.3679585254020594e-07
5:Ins:R:3	1.6081219200714258e-07	1.9313592236613886e-07	0.00016365006330829602	2.066970061775919e-07	1.8746797376678613e-07
5:Ins:R:4	2.3084579972021402e-07	2.0563535895945505e-05	0.00022818203895695887	2.8604728470327244e-07	2.4625825005841763e-07
5:Ins:R:5	1.342454599040366e-07	1.0971647839141951e-07	1.4415974813886123e-07	0.0002611741718965277	2.548748041064641e-07
2:Del:M:1	0.001434848119970411	0.0036965239560231566	1.1003693543898407e-06	0.0006462193035986274	0.0004933804259053432
3:Del:M:1	0.0004176274475675257	0.0059316111728549	0.0001007017639494734	5.287856561864146e-05	0.000877487580766001
3:Del:M:2	0.0005330070911440998	0.0039102266076952216	0.0008826663179206662	0.0020915275905281304	0.000262622917216504
4:Del:M:1	2.8694377895988053e-08	0.004470086563378573	7.527291452618101e-05	2.640552501098625e-08	2.4183106457797976e-05
4:Del:M:2	1.5782641504813456e-08	0.0015352932037785648	0.0	0.0017305817920714617	0.0003164362996812997
4:Del:M:3	0.0007844780224296244	0.0001232165494002402	0.003244499629363418	0.0006860396206548103	0.0012072525000718314
5:Del:M:1	0.0009443786460906267	0.1773694336414337	0.007129127765074373	0.0032991259555274154	0.00353583765681833
5:Del:M:2	0.0010246985577396118	0.0762898489832878	0.0023314668098464606	0.0023254992163856516	0.0019119263568427413
5:Del:M:3	0.0	0.030027067847549917	0.0019280764390714467	4.7517811196939874e-05	0.0018091021448981338
5:Del:M:4	3.770758585375233e-08	0.011545661929994821	4.71042102390129e-07	9.90100434528074e-08	2.1502543722817792e-05
5:Del:M:5	8.460280298550061e-09	0.007654142566025257	7.221556297736243e-05	0.0014975889538447972	0.0012797133065760135
