Samples	ID83A	ID83B	ID83C	ID83D	ID83E	ID83F	ID83G	ID83H	ID83I	ID83J	ID83K	ID83L	ID83M	ID83N	ID83O
X01b0848c.ae36.4ade.a3da.d297b003c99f..Panc.AdenoCA..DO51493	54	156	151	52	55	368	1045	98	232	37	3	0	12	86	0
X02c97e2b.914e.4afc.bf50.78f0cfbfa67b..Panc.AdenoCA..DO35184	8	5	75	0	9	41	5	0	7	24	12	32	2	14	0
X02e5c36f.5bec.45e2.a048.875653b85ca1..Panc.AdenoCA..DO34616	54	217	0	97	31	19	10	0	25	14	20	0	52	36	1
X03c3c692.8a86.4843.85ae.e045f0fa6f88..Panc.AdenoCA..DO32831	256	189	0	220	27	110	381	0	69	0	57	197	0	0	0
X046d7386.95c8.4501.9e55.c85bec272a7a..Panc.AdenoCA..DO34432	48	19	90	24	2	7	0	0	61	60	22	42	0	0	0
X05070acd.3ec1.44bb.9c32.26d3a483a72a..Panc.AdenoCA..DO32860	161	96	108	48	50	0	10	0	29	30	6	0	2	0	0
X0554ffe5.31f7.43f5.8372.2b73c9cf3527..Panc.AdenoCA..DO49076	0	259	65	101	31	0	13	0	28	34	12	0	0	14	2
X079bcb09.a075.4313.9a3e.dd67734a8c5d..Panc.AdenoCA..DO221540	103	353	19	148	23	71	9	0	38	63	0	13	0	18	25
X0972bfcf.c6c6.48cc.b820.cdfa6279a4f3..Panc.AdenoCA..DO51467	77	92	0	21	124	64	0	0	17	0	33	70	67	32	20
X09cb8bc5.13ac.44ac.9b7d.6de143373570..Panc.AdenoCA..DO51524	110	38	163	0	62	73	11	21	0	0	30	59	70	20	54
X09e1fe3e.bfd8.4175.ac42.0e1bf0ba5523..Panc.AdenoCA..DO51500	119	267	75	119	20	54	12	7	0	37	25	18	0	47	11
X0b29c893.03bf.4131.b192.c14a2788d411..Panc.AdenoCA..DO49418	502	113	227	1	238	84	3	0	40	51	3	91	36	47	2
X0cf9bbc2.cbd5.4b64.8d90.cfa416307b39..Panc.AdenoCA..DO33488	71	1	230	0	30	91	9	0	46	19	0	38	24	85	0
X0efee3f3.313b.44eb.b3b0.af975a1ded82..Panc.AdenoCA..DO49442	0	93	0	84	29	17	16	0	47	7	33	0	5	32	0
X0fbd94b1.bb34.4620.841b.861a0b5e0c12..Panc.AdenoCA..DO49087	59	71	44	104	16	72	12	0	17	6	9	24	57	38	5
X0fc63b79.7fff.441d.88fc.922d53c787ab..Panc.AdenoCA..DO51535	21	77	0	33	10	4	1	0	47	6	8	15	65	0	16
X1168944c.5451.4a18.8758.88bf5723bdd9..Panc.AdenoCA..DO34680	29	74	0	13	99	106	594	0	72	0	58	108	13	3	0
X129459c1.38be.45da.bb87.18848c97c544..Panc.AdenoCA..DO51536	32	169	55	67	50	26	4	0	41	64	17	0	8	33	9
X12f038e1.00af.4c64.a2e0.9e63323492ef..Panc.AdenoCA..DO33512	108	176	29	66	22	30	14	0	100	0	0	34	58	4	0
X1327bbd4.a466.4e26.905f.cf91315f1cc8..Panc.AdenoCA..DO49422	66	117	23	30	31	30	15	0	30	28	12	0	0	0	5
X1447c8cb.25d4.4092.8919.4df08f898d2d..Panc.AdenoCA..DO32984	128	282	0	2	34	52	7	0	18	53	12	0	18	24	0
X170ad241.9e24.469b.b7ca.3fd783a89b21..Panc.AdenoCA..DO49430	141	148	67	126	59	100	2	12	0	16	14	75	0	0	6
X1776f326.b12f.4355.8107.80fa6fcd2159..Panc.AdenoCA..DO51513	23	11	49	38	23	20	0	0	48	18	27	52	0	0	0
X183b04f5.107f.496c.8e9a.8263dd00cffa..Panc.AdenoCA..DO51491	393	471	0	169	66	152	17	0	53	54	19	19	62	0	0
X1a0ef226.41a5.4b56.9078.4b7834f0c976..Panc.AdenoCA..DO35376	40	82	116	90	16	0	13	54	25	4	16	0	0	0	46
X1a841850.fca0.48ab.8c78.db0bd5a64435..Panc.AdenoCA..DO33344	379	337	35	177	62	133	2	0	74	56	41	0	0	6	1
X1ac54c6e.a1e4.4f3b.b4a5.cdb327e0dca6..Panc.AdenoCA..DO34817	22	190	60	109	57	0	0	0	14	18	6	38	0	28	0
X1b0fe1d5.b286.4f49.ae92.94d9c6db9657..Panc.AdenoCA..DO35230	142	166	0	40	53	7	2	0	19	12	7	71	0	37	24
X1c28e44a.6e6c.44ed.b58a.e3262c0e6759..Panc.AdenoCA..DO51544	77	55	38	133	27	30	7	0	47	0	9	0	0	17	15
X1c9fbe26.1447.4335.aaab.06d6bb3e2741..Panc.AdenoCA..DO49078	54	21	38	8	20	0	8	30	43	22	25	0	41	11	0
X1e181878.c640.4e91.a620.3fc4b08a4de1..Panc.AdenoCA..DO33008	2	30	119	75	3	13	401	56	16	0	107	22	0	21	0
X1f81a1b0.8089.44ef.87b5.b3359a407ad2..Panc.AdenoCA..DO33128	0	31	0	0	9	20	3	18	0	20	26	8	54	18	2
X20d1b88b.3ff6.4201.a748.6a993500c652..Panc.AdenoCA..DO32972	20	0	47	40	3	14	0	0	19	21	12	40	0	0	1
X2102558b.87b0.447b.bb9a.e4ae9df8b75e..Panc.AdenoCA..DO33032	290	97	190	110	37	21	6	0	16	43	8	0	0	26	0
X21b1a37f.e91e.4ce1.83cf.bb89b8d0fb35..Panc.AdenoCA..DO33028	0	26	29	182	12	7	2	38	0	39	17	36	5	10	0
X228fb827.c05e.494c.8a21.e1d925e100cb..Panc.AdenoCA..DO51537	166	111	169	59	39	27	0	0	51	1	28	0	0	9	0
X230f53ef.be3f.495e.9b95.b0f670bd6908..Panc.AdenoCA..DO51508	0	0	11	0	10	16	2	0	0	0	0	0	0	0	15
X241abdfd.e6de.4830.a233.4bbc5f622725..Panc.AdenoCA..DO49138	179	186	72	170	51	71	17	0	43	21	14	36	0	0	0
X2564a262.03e8.467b.9ea2.f3ab38d75ae1..Panc.AdenoCA..DO49457	258	375	226	128	49	22	1	0	14	14	0	0	0	0	0
X25c32aca.6738.43ef.a103.243f2f9a3b43..Panc.AdenoCA..DO51492	65	48	0	109	22	28	5	0	35	0	0	0	21	0	7
X25cf7449.8c5b.403e.aa75.e2af158598e8..Panc.AdenoCA..DO33208	88	29	67	69	17	5	9	0	54	25	20	0	0	0	0
X28f41a20.b6d6.4ecc.888f.72f779ad9af7..Panc.AdenoCA..DO49442	3	81	97	112	17	24	22	0	29	12	13	0	0	60	42
X29a00d78.b9bb.4c6b.b142.d5b8bfa63455..Panc.AdenoCA..DO35144	120	102	98	94	6	0	0	11	29	11	12	50	0	0	0
X2b3837b3.ee29.4a08.848e.1206404da986..Panc.AdenoCA..DO49448	59	118	54	21	11	18	9	23	29	22	13	0	36	24	0
X2b6d4d66.7f0b.4bc0.b3d6.171956a937c5..Panc.AdenoCA..DO49166	49	86	1	27	8	0	0	0	34	16	3	34	18	10	2
X2bd9ccca.3fae.4b66.a762.6f30d6276222..Panc.AdenoCA..DO35152	141	314	17	89	45	75	13	0	0	57	9	31	0	3	3
X2bf5b018.9f19.4fbd.9e1f.7d958aabe5d1..Panc.AdenoCA..DO51489	0	0	0	55	19	51	46	0	88	32	42	132	93	18	9
X2c48eefe.2a08.47bf.8e4d.cbaab6777150..Panc.AdenoCA..DO35222	11	96	14	4	14	0	0	0	20	32	12	0	22	10	9
X2e43e0ca.54ea.482e.acf2.0048d9187a5c..Panc.AdenoCA..DO35258	93	84	42	119	20	5	5	77	23	11	4	51	20	0	0
X2fdfb06c.0d2f.4e1d.9756.bcb08a7f90af..Panc.AdenoCA..DO221546	37	9	37	0	22	86	24	30	22	31	11	0	48	25	15
X31c75873.abb4.4d88.9e2f.07497a6c892d..Panc.AdenoCA..DO35082	162	77	52	173	32	106	32	7	123	103	16	0	0	0	37
X32fa6457.c8bd.4d26.8106.925baf13df68..Panc.AdenoCA..DO51518	131	290	59	158	24	69	7	0	23	20	6	0	0	0	2
X33061bf5.9b99.4735.a810.f2d5eeef6873..Panc.AdenoCA..DO33392	52	77	67	28	31	0	31	0	27	23	12	0	12	12	1
X33070975.0f35.4518.9ffb.4c6170c32534..Panc.AdenoCA..DO33160	104	47	0	138	0	55	5	0	19	34	13	36	12	0	0
X33bcd589.80db.4a58.8f83.a48cb60e0fda..Panc.AdenoCA..DO35148	9	18	0	34	0	2	6	0	22	0	16	0	49	7	0
X368e592d.260c.4f58.81c4.a9f1e6177a4b..Panc.AdenoCA..DO51549	59	80	27	18	74	9	0	37	19	81	11	0	41	21	32
X3933c60d.73d6.4f74.ae02.fd545fc1f092..Panc.AdenoCA..DO51541	60	49	68	26	20	0	38	1	110	41	20	0	29	45	14
X39c6c3b3.4683.4d11.984c.ed589188da65..Panc.AdenoCA..DO51527	111	416	134	81	53	90	5	0	39	38	22	109	0	78	47
X39d38c06.3779.4ca4.b103.1d096f93dae8..Panc.AdenoCA..DO51532	74	36	157	52	24	52	9	0	32	13	10	0	7	0	20
X3b526846.72d6.4e10.b7cd.8cdb45a92a1c..Panc.AdenoCA..DO34736	96	155	98	275	19	104	419	0	43	0	64	102	0	0	0
X3bfbc33d.804b.4bb3.97ac.97563d77b13d..Panc.AdenoCA..DO33376	72	261	0	9	21	49	15	0	8	80	6	0	0	53	0
X3c86ba21.7b11.4ec7.9d20.a2325197c676..Panc.AdenoCA..DO33042	65	1	38	117	12	7	9	0	51	66	26	0	0	0	0
X3e4d0e50.8cf4.4eb0.a00a.ccf0484ecc2f..Panc.AdenoCA..DO33984	47	63	79	85	4	25	22	0	9	0	27	8	4	0	0
X3ed783cf.2248.44a1.a2a2.d6b6519b91ef..Panc.AdenoCA..DO51495	21	107	16	11	14	0	129	50	85	35	103	0	0	5	0
X3fb8f017.576f.4901.b8bf.3a58e5d43de3..Panc.AdenoCA..DO35138	5	42	0	8	8	0	1	0	18	21	8	9	5	7	1
X3fba4880.cb7b.4ac5.ab5f.728614faa1ea..Panc.AdenoCA..DO49466	89	256	203	71	37	25	0	0	21	44	27	22	0	0	0
X40378b7a.a65d.4510.aaba.a34c4058fac7..Panc.AdenoCA..DO49424	129	178	0	223	20	58	28	0	28	30	6	9	0	30	0
X42f00950.09c9.461a.8423.d5b04a96af10..Panc.AdenoCA..DO51472	45	107	35	63	5	21	0	0	22	52	4	39	27	4	21
X441d2f21.b448.4fc8.8c54.9b85aca56237..Panc.AdenoCA..DO35126	165	98	82	72	51	58	5	0	13	0	4	19	27	0	10
X4652ae03.b096.42d0.bdfa.3f6281d4f023..Panc.AdenoCA..DO35236	141	204	0	112	23	53	20	0	93	87	9	0	14	16	24
X46e166fe.3b20.49ad.98db.42c854c61c93..Panc.AdenoCA..DO51470	125	75	73	30	13	0	0	0	16	0	4	20	55	18	24
X4a4e0397.8702.46ef.aaa8.3980f03a40bf..Panc.AdenoCA..DO51521	0	0	0	0	0	0	2	0	0	0	0	0	0	5	11
X4a88981e.e409.440f.9bf0.71ca1bab8b4e..Panc.AdenoCA..DO51534	51	207	68	100	28	3	0	17	18	6	6	0	35	29	24
X4aa7eabc.0419.4897.b7af.5dcccfd6ac2f..Panc.AdenoCA..DO51476	184	31	0	0	50	57	405	0	60	0	218	0	58	82	37
X4c027164.12de.456f.b933.6bc91f70b46f..Panc.AdenoCA..DO49478	74	92	68	101	12	0	2	0	40	18	22	0	55	15	3
X4c4aa1b1.fda3.4c5b.b588.68aa727500ad..Panc.AdenoCA..DO51543	98	213	0	139	40	51	7	5	44	20	23	13	0	13	43
X4cbe411b.b05e.46bd.bea8.126289a0866c..Panc.AdenoCA..DO49090	151	130	116	49	47	41	6	0	52	0	1	33	28	0	0
X4db9e471.0068.4ec6.9bcb.33ef5fdec33e..Panc.AdenoCA..DO32976	0	199	19	41	22	12	16	69	50	45	10	0	2	1	0
X51458c86.0fdd.470e.b059.1ffbffc92a7f..Panc.AdenoCA..DO34288	96	83	0	43	8	5	14	0	39	54	6	0	19	38	0
X5187e77d.f412.4303.8049.11d1aa1a0235..Panc.AdenoCA..DO49419	173	169	184	108	11	115	826	0	13	66	149	24	0	58	0
X5255d645.d3d2.422e.8449.046cd21f4935..Panc.AdenoCA..DO34809	93	19	0	93	22	52	19	0	27	0	3	20	103	40	0
X52f43b72.15ea.40a0.a3b4.4bf22bc0bf25..Panc.AdenoCA..DO49427	62	60	129	0	2	0	0	0	20	18	14	2	73	0	6
X53534b3c.cd15.4d68.a9b1.6902bb234c45..Panc.AdenoCA..DO33552	286	474	134	21	106	178	700	0	0	3	175	0	17	26	0
X536dedba.46c4.4a21.b112.13c030b13069..Panc.AdenoCA..DO35442	5372	0	0	0	250	2129	0	0	0	0	0	0	0	0	0
X53e6a756.bdcc.4217.afe7.27d776159544..Panc.AdenoCA..DO35360	18	52	35	45	18	13	45	0	24	28	143	0	137	0	41
X54195db3.94a9.4538.8bb8.9953d936acd4..Panc.AdenoCA..DO221544	51	75	202	0	58	77	532	0	24	0	427	0	0	52	36
X541f91bd.7e9d.4348.9e78.45b948d8967e..Panc.AdenoCA..DO34961	28	194	7	244	3	90	36	0	38	0	34	0	0	68	0
X5650dc4e.8bce.4716.9199.cd5750d7a888..Panc.AdenoCA..DO35496	0	53	5	87	19	16	17	45	4	24	12	51	15	0	29
X569ff1b4.de87.4309.8484.80549aaf9485..Panc.AdenoCA..DO35200	3	0	0	21	0	25	1	0	1	9	0	15	17	0	2
X5b41e033.6df8.411e.a13b.59eeb8afbf9b..Panc.AdenoCA..DO33000	177	255	77	80	16	77	21	0	24	30	11	0	71	0	1
X5d9ff58c.5702.48fc.a66a.d1276327fd49..Panc.AdenoCA..DO51520	96	347	2	167	69	8	50	25	72	58	40	0	88	82	18
X5f94cb62.4019.47ff.bf6a.eeda8e9e033c..Panc.AdenoCA..DO49129	82	157	0	55	28	46	13	0	20	0	11	33	0	82	0
X60aff7a0.4960.4ed1.922b.3233ccbfdba1..Panc.AdenoCA..DO34336	35	95	51	78	30	35	0	0	23	28	10	36	0	5	0
X60c33e32.7e19.4e71.b075.a63fcf27e660..Panc.AdenoCA..DO49454	27	126	139	0	15	28	0	0	28	0	24	42	26	0	11
X60e78c80.41a5.456a.9a81.9007d18fd72c..Panc.AdenoCA..DO49137	73	179	45	105	25	32	17	0	8	22	17	0	78	35	1
X6297aa77.37a0.4f46.987b.32bd8653c0c2..Panc.AdenoCA..DO51490	72	71	180	8	43	20	23	0	32	32	17	0	0	14	18
X631ab9d0.5400.400c.b0bc.c3e576bcfe06..Panc.AdenoCA..DO49433	54	98	27	103	11	12	5	2	31	10	6	0	0	40	2
X644c669b.937b.4adc.81b9.6a1811cba9da..Panc.AdenoCA..DO49484	82	78	69	77	21	35	1	0	0	35	13	3	42	20	3
X654dba9f.cfe5.4121.97c7.868613cdef53..Panc.AdenoCA..DO33077	18	76	30	70	2	21	10	0	65	47	19	0	38	16	8
X65d2dbc3.a163.4696.b246.47a430e66572..Panc.AdenoCA..DO51514	330	147	137	32	41	48	16	0	37	37	11	0	47	0	39
X66290cc6.1f1f.4a0b.83d1.423952da4840..Panc.AdenoCA..DO49481	37	44	32	0	9	23	7	0	30	53	9	0	4	10	0
X6867811f.ac89.47da.b5dc.1270033c36e7..Panc.AdenoCA..DO49454	31	176	110	0	18	16	5	28	36	0	27	22	31	0	3
X68ba1105.569a.4209.9b45.0e2d64931806..Panc.AdenoCA..DO33152	169	278	15	45	40	0	13	0	20	35	11	0	43	41	3
X6ad44218.d34e.4126.bf56.1be2140cd3fb..Panc.AdenoCA..DO51484	44	32	170	118	48	23	10	0	17	0	12	0	0	0	32
X6b20f942.7b89.497c.8a2e.ccce74d20ca9..Panc.AdenoCA..DO49421	60	209	46	65	21	21	22	22	26	57	9	0	25	17	8
X6bdf00f6.670f.466e.87fb.e853e41f000e..Panc.AdenoCA..DO34504	24	64	0	12	3	0	36	0	51	24	121	0	43	1	0
X6fc0cb07.9713.4355.8543.f85d1c5505c2..Panc.AdenoCA..DO51529	295	520	0	241	38	226	26	0	0	76	0	0	0	0	44
X70dd8453.11d3.4105.a8d0.6a755c52495d..Panc.AdenoCA..DO51540	76	96	87	27	34	7	6	28	34	42	8	0	29	12	9
X71ef8379.03a0.4b81.92c9.1ba666fe4d7a..Panc.AdenoCA..DO49127	60	70	139	8	32	10	0	2	26	11	12	45	12	4	2
X7266ec7b.4824.4b88.910e.e9bfb848d55f..Panc.AdenoCA..DO35290	202	54	39	53	23	48	0	0	26	66	7	108	5	0	3
X72a5e569.99d4.47bc.be1b.6296a5025080..Panc.AdenoCA..DO33264	172	71	332	72	46	68	0	0	11	0	0	75	0	2	1
X72f82fbd.9838.4082.b605.bc3d80226f16..Panc.AdenoCA..DO35116	251	20	534	0	95	101	33	7	173	0	17	40	0	122	41
X73058c80.607e.4b55.b112.8f8f6775d014..Panc.AdenoCA..DO51479	0	32	3	135	8	12	9	63	45	3	5	0	1	4	2
X7410c00d.ed0b.48dc.a4bf.eb76ac613980..Panc.AdenoCA..DO33400	100	204	19	108	61	11	31	0	35	22	32	4	83	29	5
X748d3ff3.8699.4519.8e0f.26b6a0581bff..Panc.AdenoCA..DO32833	41	101	0	72	15	11	11	0	22	8	17	0	5	5	0
X754d26af.f184.497c.856a.cd1ea7a5115c..Panc.AdenoCA..DO51546	0	18	32	23	27	23	9	24	24	19	23	43	29	0	4
X75cd90ef.e884.4812.bbf3.5a524d95147e..Panc.AdenoCA..DO51481	54	44	84	69	12	15	8	0	11	19	15	0	28	20	33
X75fac59c.3346.4c5a.bb9f.fb67fec8d13b..Panc.AdenoCA..DO34264	18	151	0	103	41	33	0	0	1	2	12	0	28	91	0
X78100212.65aa.4365.8b64.4b33f77732d5..Panc.AdenoCA..DO49113	127	308	65	63	50	46	19	0	55	53	10	0	8	17	1
X78103d9b.0b8a.431e.bb58.5c99fbea12e4..Panc.AdenoCA..DO51474	6654	5695	4471	0	2492	1810	907	0	0	0	5	0	0	0	0
X7981bbf3.dceb.4d89.900c.555967e97921..Panc.AdenoCA..DO35118	0	288	320	51	4810	0	0	0	0	0	0	0	0	0	0
X7b318282.5df4.42bc.b1e0.0e4a66ba9204..Panc.AdenoCA..DO34720	24	69	65	22	26	0	2	6	3	11	6	45	30	2	0
X7c43c006.d917.4915.b304.65995b6c0d46..Panc.AdenoCA..DO51522	102	35	84	2	12	0	24	40	53	55	9	0	29	5	25
X7cb71498.6ada.43c6.912b.bad4f93cf580..Panc.AdenoCA..DO34905	792	196	122	0	50	101	940	0	43	57	160	0	29	0	8
X7ccb9a4d.6f48.41c2.a630.27fde8c67d60..Panc.AdenoCA..DO34696	20	76	185	33	18	39	19	87	35	12	34	0	10	0	1
X7ccee959.1e87.4a39.b6b3.840ddcb94995..Panc.AdenoCA..DO51510	67	0	190	152	24	28	605	0	37	0	163	84	0	48	27
X7d04f401.3505.410c.8def.0348ecd8aae2..Panc.AdenoCA..DO51542	135	93	53	76	15	0	4	0	36	15	1	31	34	18	4
X7d7fff91.3f69.4123.b514.140ed3d9cd66..Panc.AdenoCA..DO51488	3	0	0	37	0	19	0	0	10	0	22	0	13	6	19
X7ef9fd9b.d349.4ec3.ab4d.1a1d11c0204b..Panc.AdenoCA..DO35098	14	27	77	39	26	0	3	25	0	23	21	0	38	0	2
X7f42e118.aab6.438a.9e84.e7451fe12d7e..Panc.AdenoCA..DO33168	163	112	25	76	36	87	2	5	23	0	25	0	58	12	0
X7f5fd36f.6e30.45ca.92a5.d8a8a8ee1bc2..Panc.AdenoCA..DO51468	44	77	149	86	33	0	14	31	8	0	23	4	22	40	7
X7fcd8af9.4d73.4c97.95cc.b30b09f21bb2..Panc.AdenoCA..DO32893	42	49	39	0	1	2	4	0	41	47	14	0	26	0	1
X81bc7f0c.865d.4801.a935.2ab04170df53..Panc.AdenoCA..DO35350	90	77	147	48	46	56	889	52	37	31	203	81	0	10	1
X8282283d.247a.431d.9421.0fcc52f0a897..Panc.AdenoCA..DO221541	146	0	0	105	2	73	912	0	82	51	220	17	155	123	33
X8454fe53.869d.41c8.b0c8.a7929d00eec3..Panc.AdenoCA..DO32900	197	206	0	142	29	39	47	0	100	67	174	0	71	21	0
X84a6ea88.eeb8.4060.a90c.e4abac013ad4..Panc.AdenoCA..DO32980	53	0	0	0	209	0	247	0	62	0	52	0	19	23	0
X88bc38ba.ad1d.431e.a67e.0a5a23678386..Panc.AdenoCA..DO49181	60	98	0	46	13	22	18	0	18	65	14	0	8	28	0
X88d5a8b2.daba.45ce.90bf.480fac85bf1d..Panc.AdenoCA..DO49168	86	61	107	83	19	32	38	0	0	56	14	39	0	4	0
X89195d56.1ef2.41df.b200.9f18e38f574a..Panc.AdenoCA..DO51507	44	106	0	41	28	52	12	0	24	33	25	0	19	9	12
X8be6b14d.286a.471b.a282.ab98bc6050c3..Panc.AdenoCA..DO51506	66	342	0	162	24	38	11	0	22	37	14	0	0	0	1
X8c233a11.3b2e.4273.bbe1.b5a5f5a351d5..Panc.AdenoCA..DO51477	41	34	116	28	23	51	4	0	19	3	14	16	5	0	34
X8d67c121.37d0.4fc0.a349.2c9452589d65..Panc.AdenoCA..DO34793	116	83	117	94	21	26	9	34	30	0	13	19	0	0	0
X9011cf17.0783.4f9d.b355.4f0fc1a2e78b..Panc.AdenoCA..DO51501	54	192	0	17	20	31	13	0	35	24	6	0	53	3	2
X9078333d.73d3.496a.9fc3.a94353b7e107..Panc.AdenoCA..DO51499	64	78	68	72	27	33	9	0	31	0	2	0	2	24	25
X90b3c237.29a4.48b3.90b3.9f2c0ccb5928..Panc.AdenoCA..DO49193	96	107	84	0	13	6	10	0	61	74	29	0	13	0	5
X91b6fd6b.547a.47e4.8ecb.a6f1826ccfd3..Panc.AdenoCA..DO35216	10	3	11	14	18	3	0	0	4	5	6	21	37	0	1
X92dc0e0c.842f.40de.9c39.486b491ea80a..Panc.AdenoCA..DO33600	114	131	56	214	23	54	19	10	26	5	0	0	9	8	2
X94652d14.2e4d.4f4a.a4f7.8df77df788c0..Panc.AdenoCA..DO51498	81	148	58	95	4	27	1	0	9	37	19	32	13	0	1
X95cc9620.7686.4805.a96c.cf8e659847c3..Panc.AdenoCA..DO51515	1	123	28	137	24	14	13	64	0	25	47	0	19	72	20
X96ba50eb.3c12.41ad.ac7b.d23b2001fe44..Panc.AdenoCA..DO51469	230	71	29	56	9	54	53	0	80	158	32	33	5	18	0
X96cca60e.17dc.44c3.90f7.1b57b0e08e5f..Panc.AdenoCA..DO35228	70	41	16	143	4	0	12	0	26	36	21	0	6	21	0
X97c46ede.b280.4344.8dbb.e860c6472239..Panc.AdenoCA..DO51504	22	60	0	148	5	10	16	0	35	31	5	0	0	8	17
X9c399826.087f.44b9.98c0.bd881646b0f4..Panc.AdenoCA..DO33472	54	89	16	137	19	24	0	33	0	21	14	47	0	12	0
X9c857452.c81d.4b9e.87a8.5b41f4394f7c..Panc.AdenoCA..DO34608	19	52	0	41	5	0	3	0	33	21	13	48	14	16	0
X9df57388.7de1.4c90.910e.ef63a246dff1..Panc.AdenoCA..DO49172	111	223	0	15	25	26	10	0	32	49	32	0	25	0	1
X9ebac79d.8b38.4469.837e.b834725fe6d5..Panc.AdenoCA..DO34640	114	127	112	0	59	33	28	0	67	42	10	48	0	21	0
X9ffe694e.b488.489e.bdbe.0800e505eec4..Panc.AdenoCA..DO49460	205	251	89	144	45	17	9	0	7	0	14	16	0	91	0
a2238b5f.0513.487a.9b1b.7bef85ebf336..Panc.AdenoCA..DO32878	123	25	156	10	21	14	14	0	23	14	2	0	67	0	0
a3210fd0.344c.468e.8ff2.2d0869a2fb75..Panc.AdenoCA..DO51497	56	64	158	9	46	13	0	0	19	40	13	88	2	18	30
a3edc9cc.f54a.4459.a5d0.097879c811e5..Panc.AdenoCA..DO49135	96	193	50	0	29	16	17	0	23	60	3	40	68	3	3
a492a32b.bf2f.4f8c.b06e.794a4baa2fe7..Panc.AdenoCA..DO49074	55	84	0	88	13	15	15	0	20	28	15	13	13	28	1
a5346247.3f30.470a.b4ab.732180786291..Panc.AdenoCA..DO33960	140	138	76	163	32	13	0	0	4	0	1	44	0	0	3
a5d5c238.0447.47fa.9a81.3b823cbdcea6..Panc.AdenoCA..DO34849	69	211	191	11	62	43	0	25	32	28	15	46	0	0	0
a6ebe0c0.8aab.4b9f.8328.4b795895a77d..Panc.AdenoCA..DO51465	85	244	24	91	19	10	17	0	31	35	35	0	0	94	68
a7a56d67.1bd7.4d69.9237.34c2d261261b..Panc.AdenoCA..DO51486	6	33	17	0	8	0	289	9	57	8	35	0	38	2	45
aa4a868a.df23.4eef.a618.e945aa2ce98a..Panc.AdenoCA..DO34448	536	241	201	150	227	101	7	0	103	0	35	110	0	76	0
ac02c38e.5fca.4995.b0cc.39b6189976a3..Panc.AdenoCA..DO51478	160	426	50	2	103	218	7	178	25	53	43	15	0	25	40
af9cfac8.7fbe.49cb.aeca.8d68aea57994..Panc.AdenoCA..DO51494	134	60	0	60	24	95	20	0	72	144	27	0	5	60	12
b04624d2.d8f8.4b51.be1b.72c73d8055f9..Panc.AdenoCA..DO35085	21	15	0	59	11	4	13	0	29	15	10	0	10	0	0
b37d6283.6f95.4975.a794.f3d5c4bbc7b3..Panc.AdenoCA..DO32960	13	27	124	0	21	20	0	0	23	6	2	14	12	46	0
b47aa163.eec9.4225.940b.4373e78152e2..Panc.AdenoCA..DO33200	65	189	64	34	14	7	11	0	35	24	36	0	34	24	0
b54b9433.ec10.4cb5.a860.4555da64917b..Panc.AdenoCA..DO51473	63	138	41	31	3	0	15	0	91	16	14	0	9	29	6
b5cabba2.30a4.458e.897c.00ec3fefa6d2..Panc.AdenoCA..DO49445	116	260	14	44	40	0	10	0	30	65	18	0	0	71	0
b5dd0bc9.6c1c.4272.b920.744de37d0aee..Panc.AdenoCA..DO33480	3	31	43	0	16	0	24	0	22	13	117	0	47	14	0
b7008a98.5aa0.4cc9.9bee.af2a422266db..Panc.AdenoCA..DO33288	312	52	184	144	43	106	25	0	46	81	22	0	54	0	0
b710b214.5666.4054.97ef.3b9ac2bd90ac..Panc.AdenoCA..DO51485	91	32	146	19	20	32	10	39	6	41	21	0	39	0	9
b80ca528.2c5f.400c.8df3.9c47869a64c2..Panc.AdenoCA..DO49439	76	118	0	158	23	11	6	0	22	71	0	3	0	14	0
b8270565.9e02.4d46.9534.08206bfd027a..Panc.AdenoCA..DO221542	34	84	0	14	5	7	8	0	35	5	7	0	33	10	37
bb8176a7.ea7c.42d7.a85a.cec1ca386f2e..Panc.AdenoCA..DO34656	0	41	11	0	24	0	1	60	37	28	0	0	35	17	0
bbbc531a.dd41.40b7.ae59.e35508aea0c7..Panc.AdenoCA..DO32837	28	72	2	81	7	13	0	0	0	6	0	0	0	6	1
bbdd7393.024b.4073.b5bc.ef7a68c15b8a..Panc.AdenoCA..DO221545	0	50	0	69	20	53	1277	19	0	0	440	124	51	115	24
bbff7954.95ec.455c.b0bc.92f67a09ee77..Panc.AdenoCA..DO35305	74	228	0	137	7	25	6	0	43	68	16	0	0	33	4
bc395326.1656.4ef2.bb19.0cb29194b91c..Panc.AdenoCA..DO35083	29673	2498	2251	0	1511	3152	0	8664	0	0	0	0	0	0	388
bcef0b6c.6584.4090.9d28.ef784a7e5fbb..Panc.AdenoCA..DO51523	41	24	33	65	15	34	0	0	9	0	10	16	0	0	8
c0523251.3ac2.4292.bb00.9ae9ea9009f6..Panc.AdenoCA..DO51528	29	130	132	55	23	36	2	0	7	34	28	41	0	23	28
c13fb736.614c.4d5f.83bf.2d7586f4fb53..Panc.AdenoCA..DO51466	76	41	50	89	21	0	11	0	30	44	20	0	0	7	30
c15a51cc.4fdc.4343.a410.13ddc238dac8..Panc.AdenoCA..DO35114	14	0	10	30	7	0	0	16	7	20	5	0	0	8	4
c3679262.63d7.463e.9501.6ab3f177aee8..Panc.AdenoCA..DO51496	85	247	0	142	34	58	5	54	8	18	24	6	0	0	0
c741fb12.8160.43a7.bc70.2c545ea0031d..Panc.AdenoCA..DO49436	127	228	0	71	16	40	0	0	3	56	12	49	6	14	1
c9e7c629.7b57.4ede.b315.0cea8c97c48e..Panc.AdenoCA..DO35424	38	65	11	0	22	89	0	0	3	40	28	118	66	0	0
ca284012.bd06.47a3.8a9d.c6b185d87d85..Panc.AdenoCA..DO51511	81	199	33	173	11	31	304	0	57	37	116	35	0	0	0
cafe9603.a804.48fb.9217.e2d1c3c346c5..Panc.AdenoCA..DO32916	319	452	86	100	35	55	22	0	36	162	3	0	0	48	2
cb4608a7.6aec.4cba.b20f.489e214c9dbd..Panc.AdenoCA..DO51509	16	0	0	58	14	0	14	0	45	0	57	0	51	12	2
cba4de91.cce7.4edc.8450.d0a52c959586..Panc.AdenoCA..DO35330	0	113	0	23	12	6	22	12	24	23	13	0	0	30	20
cc7af465.22ed.485d.a78c.282b840bf7c9..Panc.AdenoCA..DO35454	24	141	2	113	11	0	2	66	17	0	28	65	0	0	48
cf072bfe.3191.4a71.9e0b.decaa28365e1..Panc.AdenoCA..DO34600	43	126	0	0	13	3	0	0	24	39	18	0	83	6	0
cfe0bf13.2ff4.4164.9b6a.cd3615bf3ddc..Panc.AdenoCA..DO33016	34	125	0	0	26	54	4	0	28	16	0	0	34	82	3
d05ea63c.86a3.463a.a790.2edaa74b4da7..Panc.AdenoCA..DO51538	16	86	14	86	7	16	0	55	29	45	0	46	0	73	90
d1804679.e728.4597.ac69.49554c087b9e..Panc.AdenoCA..DO51533	35	79	0	34	14	47	8	0	17	18	11	42	39	3	25
d333b55b.8bac.4a99.9d23.3cc0c25057bf..Panc.AdenoCA..DO51487	41	12	111	0	26	26	9	0	2	78	12	58	60	28	21
d4907a1b.8b06.47c5.8bca.c781d9cddaf8..Panc.AdenoCA..DO49184	97	81	0	138	33	20	18	0	31	51	25	0	31	14	0
d5796835.d6cd.427e.a398.5fbef88b0648..Panc.AdenoCA..DO51548	80	304	115	95	51	70	6	0	2	32	23	20	0	0	9
d8de6de6.4cfe.4239.9ebd.3437aa65efb2..Panc.AdenoCA..DO221543	41	42	18	52	6	0	9	0	20	12	13	0	0	36	18
d91f487e.0895.44ef.aeb1.a62bd576f8b0..Panc.AdenoCA..DO49079	88	671	185	42	50	123	21	0	33	42	9	0	0	68	0
da1ed4b9.f428.48aa.834d.1d9673999044..Panc.AdenoCA..DO35128	9	103	36	122	10	9	0	76	12	0	21	79	0	0	18
db2a1df8.487d.4dad.a347.5c5ed539d5ad..Panc.AdenoCA..DO51531	41	364	75	98	84	6	11	70	15	14	22	0	0	3	13
dc856038.f5f7.4dfc.a0a4.3e3a6b8d160f..Panc.AdenoCA..DO34728	36	116	0	99	16	7	0	0	14	44	20	0	6	24	0
dd4fdb6a.8067.4b64.ab74.bbb0fec34ca9..Panc.AdenoCA..DO34801	135	116	56	138	15	5	0	0	42	30	2	0	0	32	1
ded2689b.8e37.480c.b37c.acc538e54ddf..Panc.AdenoCA..DO35136	124	0	48	0	8	0	11	63	0	262	24	0	32	0	40
e0aa815f.668a.4de9.bb32.3f215bb7f843..Panc.AdenoCA..DO34785	139	394	83	0	48	37	15	0	69	50	7	0	0	5	8
e1df938f.1f23.4291.98ef.13db6debb796..Panc.AdenoCA..DO51505	32	35	81	55	13	74	0	0	19	10	9	43	0	0	32
e4c8c7f0.5bac.4d59.91c4.c98207150548..Panc.AdenoCA..DO221547	15	44	26	116	3	92	721	0	13	66	192	83	0	37	26
e5193d7e.e8b7.4098.bf98.8b3a62781d13..Panc.AdenoCA..DO49451	87	194	81	85	26	68	2	0	31	14	13	81	0	27	1
e56b0990.ff67.47c1.b9ad.87ef1d4aa2ae..Panc.AdenoCA..DO33368	109	178	0	77	30	18	43	0	66	89	26	0	33	37	0
e6eda5db.4d4f.418e.b0d4.ed9b3e5259d3..Panc.AdenoCA..DO51525	30	18	10	12	5	38	64	0	0	56	12	29	0	14	23
e7048a93.a1ed.4cdc.a1ab.fa507408ca77..Panc.AdenoCA..DO51480	111	0	170	36	25	5	4	50	20	0	0	21	5	15	24
e7603fc8.9b73.4c17.86f9.46ca1bceeb1d..Panc.AdenoCA..DO51519	46	113	62	50	36	3	6	0	27	34	9	30	3	1	16
e97ea3d7.9fcd.4df1.9ea8.587cb3be75ec..Panc.AdenoCA..DO49183	138	58	55	54	43	37	0	0	29	14	4	2	50	9	0
ec646623.6d33.4fbd.888e.89f55d82eb11..Panc.AdenoCA..DO33184	168	172	1	27	17	66	6	0	12	35	5	126	32	0	2
ec77847e.48fd.4ba5.bc3e.3cd1b149b552..Panc.AdenoCA..DO51475	248	118	100	82	21	1	8	0	52	63	1	0	0	0	52
ecfe388a.99f5.44b9.9226.a6ae6d892538..Panc.AdenoCA..DO221539	72	170	0	22	22	42	5	0	28	33	0	0	48	26	34
edac1323.2497.45e6.9148.e9c955292ba2..Panc.AdenoCA..DO33248	81	133	62	77	16	0	0	0	55	14	24	0	5	0	0
ee5d5e7d.78cf.4a29.a9ee.56aa3da877dd..Panc.AdenoCA..DO32875	14	76	47	42	0	0	22	30	23	27	30	11	0	53	0
ee8ba991.8c96.476e.b096.49f3aaaffc2f..Panc.AdenoCA..DO32863	133	47	75	9	45	28	19	0	33	30	5	0	43	35	0
ef002c3d.358f.4fc0.98f3.2f8b89de4374..Panc.AdenoCA..DO51512	0	53	61	0	18	8	12	64	67	0	14	32	0	14	22
ef3a0ccd.85bc.4e5f.a8c6.5a2e2d9e6717..Panc.AdenoCA..DO49080	123	222	4	282	60	19	65	59	10	41	130	0	24	0	0
efacd7d6.56cf.4f6a.87f0.1a7ab6b1a643..Panc.AdenoCA..DO51483	203	98	79	159	32	32	15	0	52	4	15	0	0	0	14
efc39172.083c.4297.b922.3f58df781332..Panc.AdenoCA..DO35198	96	79	90	0	23	57	7	0	7	20	15	96	52	29	6
f1d9124e.dfa2.415e.b8b8.dd872fd3e2cb..Panc.AdenoCA..DO33408	37	45	0	103	16	0	0	17	24	30	8	0	20	29	0
f283ed80.8302.4f26.99ed.ea20d101289d..Panc.AdenoCA..DO49420	4	80	0	15	14	18	0	41	33	14	7	27	17	0	0
f4ada7a2.c4ac.4f89.ada7.4645861002cb..Panc.AdenoCA..DO51530	110	131	0	0	15	93	528	0	55	0	132	174	0	0	17
f4e673a9.5b85.46e7.bcac.2ce6e1026896..Panc.AdenoCA..DO51502	99	70	85	163	53	23	9	0	17	27	0	0	0	30	23
f4e926fd.006e.4c85.b71c.1433c325acb0..Panc.AdenoCA..DO49204	49	36	86	50	8	41	14	0	22	27	10	0	0	10	1
f5bb7ae4.4bb4.4e87.b83c.bc8620584989..Panc.AdenoCA..DO34312	37	118	62	24	22	68	0	3	61	0	0	52	6	0	0
f7702c0c.9636.4700.a8ae.7a58afd9fa71..Panc.AdenoCA..DO33544	50	153	74	97	22	31	3	0	31	69	4	57	0	1	0
f94c4f69.8119.4eaf.97c1.5106890c14d4..Panc.AdenoCA..DO35186	131	101	0	48	29	56	2	0	2	22	2	49	24	0	0
fa54205f.7e51.4e5a.9f0a.5e8a2e40235f..Panc.AdenoCA..DO49178	12	93	11	0	14	20	14	0	25	14	28	28	0	1	0
fa9a3247.a465.4fdf.bb64.5afaa83a5d76..Panc.AdenoCA..DO35132	0	0	33	0	4	15	0	0	16	1	2	0	1	0	0
fdbd0277.ddbf.4cc5.8ec3.3644b9553627..Panc.AdenoCA..DO35406	46	114	0	52	15	0	8	50	25	8	4	14	44	14	3
fe96d91c.3686.4125.af71.b8703a011ad4..Panc.AdenoCA..DO49463	80	609	149	257	75	54	15	0	14	0	1	0	0	0	0
ffe4bb51.e98a.41a7.a4e1.c3970386889c..Panc.AdenoCA..DO51503	42	59	0	15	8	4	10	0	43	43	9	0	10	8	32
