Samples	ID83A	ID83B	ID83C	ID83D	ID83E	ID83F	ID83G	ID83H	ID83I	ID83J	ID83K	ID83L	ID83M	ID83N	ID83O	ID83P
V1	70	6	44	36	40	1	0	9	0	0	1	0	4	0	11	0
V2	83	10	5	31	46	0	0	11	2	0	2	6	0	0	0	0
V3	0	11	51	0	0	47	0	11	37	5	2	0	0	6	7	7
V4	386	54	0	55	18	29	232	2	0	0	0	15	2	0	4	0
V5	37	17	22	5	10	57	0	0	12	26	6	0	5	4	0	3
V6	12	40	80	24	30	12	6	17	0	5	14	7	1	0	0	0
V7	0	2	26	0	23	1	1	3	5	15	8	24	0	2	1	5
V8	12	16	56	4	109	15	0	3	2	131	1	0	8	0	11	52
V9	12	10	17	124	14	1	9	4	0	3	0	0	19	1	3	0
V10	116	17	26	3	29	5	0	7	3	18	4	12	0	11	23	3
V11	43	60	123	2	25	10	5	8	0	22	20	0	3	14	0	13
V12	2	54	25	8	25	49	0	1	160	12	28	27	4	0	3	4
V13	24	22	84	116	110	0	0	44	0	8	31	11	46	2	12	5
V14	154	1	10	0	0	18	0	9	43	4	0	0	0	5	7	1
V15	19	18	18	45	15	1	0	14	7	12	3	0	4	13	1	12
V16	0	0	1	86	51	28	0	0	43	0	0	1	3	6	0	0
V17	46	10	23	1	20	5	0	3	2	22	0	25	3	0	1	6
V18	7	20	114	1	40	13	47	10	16	90	16	22	0	14	5	41
V19	17	65	3	2	7	109	0	0	15	0	62	13	6	18	2	0
V20	1	43	49	30	24	7	0	29	2	0	0	0	10	0	20	0
V21	51	6	74	0	19	7	0	21	7	34	1	21	2	0	9	6
V22	75	6	26	30	16	3	0	0	0	0	0	0	11	2	0	5
V23	68	12	6	4	0	25	12	0	25	4	9	7	8	9	3	2
V24	7	0	13	28	50	38	14	13	10	0	10	1	27	36	5	0
V25	0	0	16	17	13	20	0	11	22	13	13	3	2	0	2	0
V26	45	8	42	29	31	37	0	23	15	0	12	4	44	0	11	0
V27	151	10	13	207	233	33	167	1	3	4	35	0	36	5	5	0
V28	0	343	3	7	7	0	15	5	0	5	39	57	0	0	1	0
V29	67	0	7	4	0	38	13	0	0	3	3	2	0	9	0	0
V30	16	2	12	83	37	4	10	3	0	4	0	0	2	0	2	0
V31	8	0	44	3	1	4	0	22	0	0	1	0	1	0	26	7
V32	49	49	225	0	12	10	0	104	24	14	2	0	6	2	28	23
V33	9	21	23	18	35	6	0	0	0	6	0	6	6	0	0	21
V34	22	14	3	22	19	0	0	1	0	0	0	1	0	0	3	1
V35	0	81	0	0	0	0	17	1	0	3	9	11	0	0	0	0
V36	46	7	17	43	55	0	2	7	0	1	2	0	8	0	1	0
V37	82	20	105	30	39	26	0	18	6	0	13	3	10	20	16	7
V38	46	43	0	0	0	1	5	1	8	0	13	18	0	4	3	0
V39	70	164	26	17	18	5	86	3	5	6	28	0	5	1	1	0
V40	4	132	52	20	28	40	0	23	41	5	51	27	23	22	18	0
V41	182	55	1	45	35	0	0	1	0	0	19	8	12	0	1	0
V42	4	1	40	0	19	139	0	15	17	24	0	0	0	0	22	8
V43	127	115	48	97	38	3	51	32	0	0	6	0	11	2	5	0
V44	3	0	4	14	8	0	0	3	0	0	0	0	7	0	0	3
V45	47	28	2	159	48	1	0	1	0	5	12	10	25	3	1	3
V46	7	5	4	0	3	47	0	1	4	0	22	0	2	27	1	0
V47	0	72	18	31	20	31	1	6	1	6	31	38	10	0	4	0
V48	0	129	35	14	27	14	0	2	0	16	0	0	1	5	8	7
V49	117	0	18	11	15	20	0	5	7	7	0	0	0	1	23	0
V50	79	17	73	0	2	75	4	51	89	0	16	21	17	13	6	0
V51	1	0	3	30	38	66	0	4	12	28	38	0	4	25	12	0
V52	0	0	5	95	121	12	0	20	23	0	7	0	59	0	8	3
V53	0	25	3	1	0	7	3	0	0	0	3	4	1	2	0	0
V54	23	30	22	0	0	0	0	15	1	6	0	0	0	2	13	5
V55	111	1	45	1	0	0	26	22	0	6	0	5	0	2	8	2
V56	3	11	6	2	1	23	0	7	10	1	3	12	2	0	2	21
V57	171	59	7	3	9	7	180	0	0	12	0	5	0	2	1	0
V58	2	9	0	41	2	4	0	0	0	2	0	6	1	0	0	1
V59	3	16	42	1	31	65	0	4	8	8	14	0	13	41	12	32
V60	239	29	11	12	15	10	0	1	23	0	2	12	11	0	1	4
V61	12	26	9	44	9	0	67	8	0	0	0	0	4	0	0	0
V62	67	3	55	0	17	8	0	4	5	51	10	0	3	21	2	43
V63	102	65	0	41	37	10	13	0	0	2	0	19	11	14	1	3
V64	84	159	12	0	4	37	0	0	27	7	19	17	11	0	0	2
V65	39	0	50	0	20	17	0	54	7	47	2	0	0	0	33	8
V66	0	198	156	0	27	14	0	35	0	39	21	39	1	43	32	0
V67	85	31	72	7	2	1	1	29	0	0	0	32	1	0	7	0
V68	0	12	15	1	21	2	4	0	1	18	8	1	1	0	0	0
V69	53	14	12	1	7	22	0	9	21	0	33	9	0	0	13	2
V70	0	2	105	7	6	1	0	39	0	0	0	0	0	0	11	0
V71	0	5	17	16	15	1	23	3	0	9	0	0	10	0	2	0
V72	24	14	197	52	19	0	0	55	2	5	0	0	11	0	36	14
V73	16	2	53	2	19	17	0	0	8	12	2	0	0	16	3	88
V74	214	74	21	134	174	107	0	16	41	51	25	35	0	19	6	13
V75	59	1	65	0	4	35	0	17	21	0	6	0	0	62	10	0
V76	6	0	1	38	58	75	48	1	22	0	2	0	16	0	0	0
V77	0	25	0	0	0	1	21	0	2	0	0	14	0	0	3	3
V78	0	12	41	38	40	5	0	39	13	11	8	9	2	5	28	0
V79	21	24	103	4	60	3	0	0	5	23	0	1	3	0	1	65
V80	0	20	49	1	13	7	22	1	5	77	3	16	1	13	4	0
V81	86	61	5	33	26	3	0	2	0	0	1	28	44	0	10	0
V82	266	41	56	5	72	45	0	5	14	55	26	0	0	43	5	52
V83	0	11	18	6	6	7	0	41	0	30	0	0	2	19	6	0
V84	4	133	36	185	84	0	0	9	6	15	0	0	35	14	13	0
V85	0	179	44	0	2	29	51	12	22	2	28	19	2	13	4	18
V86	8	0	20	3	7	29	0	13	7	3	8	0	8	2	1	0
V87	7	81	80	15	6	28	0	55	39	0	8	0	2	12	63	0
V88	0	186	3	35	41	0	6	0	0	4	30	11	6	0	3	9
V89	78	5	37	7	0	9	0	5	1	0	2	0	8	17	2	0
V90	0	4	17	20	27	11	0	2	1	24	0	2	2	7	5	18
V91	11	0	49	2	13	7	0	0	0	20	0	4	1	0	0	10
V92	12	11	7	101	52	74	4	0	57	0	110	0	6	19	6	5
V93	25	14	68	43	42	58	0	24	76	0	18	0	8	7	1	0
V94	0	68	6	0	5	3	2	16	0	0	2	30	1	0	2	0
V95	304	75	0	135	58	10	30	10	0	0	13	7	15	10	7	1
V96	44	23	0	69	30	67	0	2	22	1	30	17	5	0	2	0
V97	37	4	5	24	45	8	3	0	0	0	7	9	14	4	1	0
V98	48	8	19	12	12	8	9	0	0	0	2	0	15	28	0	5
V99	6	140	35	64	15	10	41	38	2	0	11	6	16	0	4	5
V100	0	0	9	19	18	0	1	7	0	0	0	0	2	2	0	0
