MutationType	ID83A	ID83B	ID83C	ID83D	ID83E	ID83F	ID83G	ID83H	ID83I	ID83J	ID83K	ID83L	ID83M	ID83N	ID83O	ID83P	ID83Q	ID83R
1:Del:C:0	2.576042561486247e-08	1.275678982892714e-07	6.98770108442659e-09	0.0012747201553679588	0.7316735774278641	0.0168765127658844	0.005909201071915504	0.09923877753317356	9.586233773006825e-07	0.005671510292893344	0.0007376697494464679	0.05745875835418701	0.10011314786970615	0.008823642409464583	1.5858996675888194e-07	3.0824767236481423e-07	0.012260711466569773	0.17340924609146668
1:Del:C:1	0.0	0.00014345006784424185	1.4012984643248171e-46	0.017571646924079688	0.058891346488417186	0.0039588144514709715	3.455819069131394e-07	0.004183950697688487	0.011385116361634574	0.008902287978446565	0.009018505507629015	0.12687419764697552	0.28038614080287516	0.0055121973156929014	0.01825751578435302	1.4012984643248171e-46	0.018121772672111548	0.012710345430969027
1:Del:C:2	1.143624288602041e-08	0.00030606179569474533	1.1063510783060337e-07	0.001175845357986205	2.5380403059216403e-07	0.0009984295861158899	0.0006135212535525625	0.0002582609420642257	0.004844290920755156	0.0012735926190316604	0.00719755019463264	0.0016807212959975004	0.0034912912640720608	0.004956695809960365	4.572027592075756e-07	0.0019854074411796317	0.008152119367821342	0.003962325095199048
1:Del:C:3	0.0005349476356059313	0.001146883565331791	0.0	0.004357608751161024	0.009570458740927278	0.0158965690410696	0.0025150433066301048	0.019422164373099803	0.002220586318966866	0.0015248715877532958	0.0	0.011794829042628407	0.012936424743384124	0.005812979210168124	0.0035218299366533757	0.015620891235357703	0.009132463298738003	0.03557475598726682
1:Del:C:4	0.0009708478068887416	0.00364374773344025	9.067735691417055e-05	0.018864982639206572	0.004884447040785745	0.001606180123053491	0.0	0.0019784878722930443	0.0	0.0	0.008197445305995643	0.013999819569289685	0.013713662140071392	0.008284579403698445	0.0016935162246227264	0.0009658396244049072	0.0008894378319382667	0.037807014863938095
1:Del:C:5	0.0005420483870693715	0.002967199301929213	0.0	0.00017124325968325137	0.0	0.023174992948770522	0.0	0.0001614771783351898	0.0037957576496410184	0.007133988558780402	0.008913506381213665	3.87987500289455e-05	0.003911181313128509	0.004352791048586368	0.006423156066034608	0.0763457752764225	0.0010654645971953868	0.01112088856752962
1:Del:T:0	0.0005421660142019391	0.0011599225457757712	0.0013986257836222649	0.007634660601615906	0.019174312055110932	0.0076916289515793325	0.000862399156903848	0.32602197080850603	0.03699358021840453	0.024047856172546744	0.006103696534410119	0.0999867781996727	0.029411216638982295	0.024527516588568686	0.0	0.033530079573392865	0.023810942750424148	0.009979155915789305
1:Del:T:1	0.0	0.0	4.92490592307604e-08	0.015033178485464305	0.01149393329396844	9.781125527297263e-08	0.0015165605317520204	0.01870844531804323	0.0012842703434898795	0.0	0.003204310748333228	0.11835552770644427	0.06631416504692425	0.009911842803194303	0.0	0.0016930851634242572	0.0017957676339847239	0.003421910293400288
1:Del:T:2	0.00021296462509781122	0.004045656841481104	0.00029567305464297535	0.0007679697941057384	0.032014288198788196	0.002422316838055849	0.0015105322003364564	0.17577683813869954	4.203895392974451e-46	1.683837808741373e-07	0.0068528692820109425	0.05851243808865547	0.068865439388901	0.014032186567783355	0.009346067160367965	0.004418580979108811	0.03305880296975374	0.024761669578708734
1:Del:T:3	1.4012984643248171e-46	0.007390456274151802	0.0037580352043733002	0.0024402203399063183	0.05366149283945561	0.03263424700126052	0.002308485936373472	0.17822270691394806	1.2611686178923354e-45	0.0023106352193281053	0.011120407915586838	0.03883269764482975	0.026018846780061722	0.30846441593021157	0.0019807966597909397	0.01546422247774899	0.0006506818346679211	0.010529651958495378
1:Del:T:4	0.000527021158768548	0.007991051487624645	0.00016082279616966844	0.003902023658156395	0.03420612930785864	0.09124652855098248	0.03430647547356784	0.04632695950567722	0.002640329673886299	1.4012984643248171e-46	0.0	0.324127946048975	0.02814161404967308	0.07623153105378151	0.040270840073935686	0.12354065924882889	0.010264229215681552	0.039408108405768874
1:Del:T:5	6.576235108468609e-07	0.9484605908393859	1.799564472548809e-07	0.02106054611504078	0.007946432093777388	0.6723183989524841	0.021998685115852366	1.1075077983336785e-33	2.0517181837931274e-07	4.49051049145055e-07	1.2849887411903183e-07	0.003688810148241828	0.11912963004787117	0.07497308596878156	0.017067843632247913	0.10175001780698949	0.03593077274740537	0.007859070216136388
1:Ins:C:0	1.8107481354689982e-05	2.657155278029677e-08	3.8627270271263114e-09	0.0002771639958154992	0.0	6.503869991405508e-05	0.0003587135623092763	0.0	0.00013683456054423005	0.001804013224526102	0.006597365625202656	0.0	0.0012930043440746886	5.54776761418907e-07	0.00026198018139211854	0.00022177866036372508	3.9425975728590855e-08	0.00021883341833017766
1:Ins:C:1	4.06398825703036e-09	7.24760847669259e-05	4.6442154424397584e-07	2.8632672410822124e-08	0.0	0.0005867634693402124	2.2389663456579e-08	0.0	0.0005760180760944422	0.004539944975977051	0.0022258179062788486	0.0007729493508122687	0.0005968375560442496	4.5686340399697654e-08	3.415677895191038e-07	0.002728073487514848	0.0023838841994233916	0.000366005923221735
1:Ins:C:2	0.00010697115243871736	2.6069585956634e-08	0.0009487531264312565	4.6867005210060595e-08	5.5394171027955965e-09	4.823541505629692e-05	0.0	1.6193543217468687e-08	0.0006360815978780465	0.0013712230389785417	0.00012086590673874298	1.5066034109167957e-08	4.149632957251015e-08	0.002714649757041343	8.33408698497351e-08	5.219003469392192e-08	0.003151659294962883	6.070719109629863e-08
1:Ins:C:3	0.0005295211539305455	1.7225308420165673e-05	3.3134687811298135e-07	0.0012975018969882512	1.7833967831393237e-07	1.4923829994017979e-07	6.646556727218922e-08	0.0	4.8755883597095814e-08	3.2335535706806693e-07	0.0	3.918915467693296e-08	0.0007532200389846367	0.006887585651713835	0.002959323672075698	5.430722239907481e-07	0.00435453459922428	0.0020243675000301666
1:Ins:C:4	0.0005037757524405606	0.00017006703367172804	3.429720152325905e-09	0.0003863954623682275	0.00030798029001744	0.0009886237155456	0.0024651465442730113	1.8759283193503506e-07	0.0	0.0021152876550331714	5.990972340441658e-08	0.0	0.0033010601794416063	0.01690184371545911	0.005981389153748751	0.011905207321979106	0.0013217341277076855	0.002902721497230232
1:Ins:C:5	0.007190825650468469	0.002276430421807163	0.0	0.003950862388592213	5.238449951336032e-36	0.025666272290982305	0.005383122565399389	0.0013039406971074642	0.010534145524025007	0.0	0.0	1.3485748240782413e-06	0.0033517957665026186	0.00754752893120667	0.07434424159637273	0.08107909746468067	0.006496051444810291	0.03801702586933971
1:Ins:T:0	0.00022307904350782337	4.13856332670548e-07	5.822393944754367e-08	7.910273893685372e-08	0.007779767837905638	0.014515414647223678	2.0190266006636647e-06	0.03625709388843461	0.0	0.010945833887711842	0.0041945661312894345	1.5298524203899432e-06	0.03103773556649685	0.007554898054013393	0.00026703444436861903	0.0	0.0007396355623654927	0.02694745365297422
1:Ins:T:1	3.658594174282825e-08	2.899524588428903e-07	0.0001511565386095981	0.0	0.0031076376367508373	0.0007657989393919706	0.0	0.0193213751539588	0.00265581626445055	0.0018370512648175463	0.0006911709089763463	0.005934057283957373	0.018594535475222072	0.013699212547697926	4.1643217855380495e-06	0.0	0.003080966945339014	0.005726958817160721
1:Ins:T:2	3.3076846739277245e-05	8.653726545162498e-05	0.00020486568850515142	0.0013195978943258524	0.0	0.0013935990398749709	0.006385548401522101	0.003416237144824663	0.0015892895055003465	0.0009751004104288086	0.0	0.006651905342005193	0.0020823641447350384	0.01636936292052269	0.0	0.0	0.004378920630551874	0.0005357416288461536
1:Ins:T:3	0.00011356762572631852	0.0	0.00021739227526254012	0.0013777088104689028	0.000414666481083259	0.0036435939718927556	0.0016588092527825894	0.0017816392049780916	0.002387667252412484	0.00024380218060571224	5.1681848844964404e-08	0.005283861857606098	0.0033974519868237964	0.008232291042804717	0.012463926953182635	0.018050794396549462	0.0075708274688054186	0.0037135996390134096
1:Ins:T:4	0.0012866817015037668	4.578499783747247e-08	1.6593569703005073e-05	7.700399748955533e-08	3.1720148854219585e-07	0.001269536012108574	0.004824547428870574	3.932095467007457e-08	0.008232049020963217	0.0009524210077586304	0.0004946854724607874	0.0005958503870260757	0.0036731006577610968	0.04505611649480272	0.22830956294201316	0.01948064317199396	0.001755633769244014	0.0037538447007023023
1:Ins:T:5	0.9721553862094879	7.006492321624085e-46	3.4153733565744913e-07	2.18382619256996e-06	7.459030939571836e-07	1.7583566744860945e-07	0.008294907296874498	2.1137673695648117e-05	7.481133707187837e-07	1.6086156847450183e-06	5.9383376083133045e-08	0.008337583128582082	3.446058758527215e-06	0.0392098457118891	0.4346433946819161	6.82101553479697e-06	0.004415171496384573	0.31516782352060774
2:Del:R:0	0.0025508027625619433	0.0	3.288833795522805e-07	0.007746826857328415	0.004578041693821433	1.5196851745713501e-05	0.0	0.013591408543288708	0.006030994467437267	0.0032362377736717463	0.007246137969195843	0.004749315668595955	0.043945077899843456	0.0012333355844020844	0.003479608986526728	0.0011128396727144718	5.486970258061774e-06	0.007448189664864912
2:Del:R:1	0.001080774050205946	0.0015149542481196932	0.0002094251394737512	0.021563754044473173	0.0	0.0013211773708462714	0.0	0.0	0.00443411942868579	0.017005997337400915	0.00910817025214783	0.01743190926499665	0.005218019057065248	0.0025156338638112176	0.0007608627282024826	0.02909657936543226	0.0011894128114363412	0.016809605770481538
2:Del:R:2	4.493902281410556e-08	5.152518838258402e-08	6.350381881929934e-05	0.0010587336597737361	0.0	0.004507483494870712	1.4700140980039577e-07	0.0001196571858599782	0.002449787191289943	0.001140978473904397	5.475388206832577e-07	0.004957913026464667	1.7973504145629705e-05	0.000598867031590089	0.0010887186974287034	0.005664630183946429	0.00014796365898064323	0.0011091599793871866
2:Del:R:3	7.189100744255938e-05	0.0004477111557008584	0.0001989931746976481	0.0	0.0004427945707902836	0.0004451960034202784	1.2916246561189838e-08	0.0	2.3386117220525193e-08	0.0	0.0	2.2549298535068373e-07	0.0021309330022063477	6.679026682832046e-08	0.0025824376764887803	0.0007569592301010175	0.00030027467353122006	0.0001368330093100667
2:Del:R:4	3.218838494234433e-06	7.51648142838235e-08	2.6231415120037125e-07	0.0005667589952388141	1.9632671666158785e-07	0.00016590630400727945	6.497274895878036e-08	6.83511345300758e-08	0.00043809531269971557	9.215474747747975e-08	5.2623534685380943e-08	5.32332234115529e-07	2.632010875913693e-07	0.001989088107828252	8.597093369644426e-07	0.0002723717763501554	8.294482000792414e-07	0.0003559321371803037
2:Del:R:5	3.4204593788444983e-07	1.1485540518663129e-08	3.061703125695203e-07	0.01894496759159665	5.957400304623661e-07	1.209188953055218e-06	0.28837385550141337	2.9489013002148566e-06	5.585197108359807e-07	3.984859375805172e-06	7.040854143269826e-07	6.102457859924471e-07	0.0	0.007112824740642054	0.001106206977851798	0.0	0.034660740829375626	0.05240562655749272
3:Del:R:0	0.0010716276268368575	5.849721986805889e-08	3.6025122440719315e-07	0.8032215535640717	3.822997325893163e-07	1.0719675174186704e-07	0.47256397902965547	1.2142263017267396e-07	2.791108499877737e-07	2.0751695046783424e-07	2.1731145807279973e-07	0.005561500874978265	0.00043524041499752776	2.568751463094543e-06	0.0016218989220760705	0.00835893302655677	0.055243856963068085	1.5764539830046732e-06
3:Del:R:1	0.0	0.0012428165064193308	0.00047540325904265045	0.0	0.004283536449543135	0.0036628534144256264	0.0006087017395230987	0.015439493814483285	0.0008452195634163218	0.0016083096852526069	0.00036946909967809914	0.0019447546685114503	0.0020646472461521626	0.024953804165124892	0.03414978515356779	0.010030882665887475	0.004824952117633075	0.006341027747839689
3:Del:R:2	0.00017786853239414312	0.0006655117288588031	0.0	0.0015070546913193538	0.00012613419676199555	0.0017164300195872783	5.58869696419606e-05	0.0030506758664500923	0.0	0.00024793486323915204	0.0010277953348122536	0.0	0.007622074504615739	0.0	0.0028581790742464364	0.002995592686204418	0.0021072391420602797	0.003755719808395952
3:Del:R:3	1.3683922048812746e-07	1.5998245430637326e-07	2.4793088699848197e-07	5.210004587752337e-08	2.1758584409781178e-07	0.0011629558540462881	3.304361655409593e-08	1.6342518762257896e-06	0.001398974066410119	7.363326091081034e-08	2.0700042568932986e-08	2.489903787150638e-07	1.5135089412865454e-07	0.0010969073809441454	0.0018013976676300558	0.009685416470034625	1.225272853844217e-06	7.126372196353259e-07
3:Del:R:4	1.7690221270072471e-07	1.8390424756375977e-07	3.181258264817188e-07	4.248249538818527e-07	4.73098697284513e-07	3.738633758132437e-07	2.1749376872826075e-07	5.214311711299047e-08	6.449648708439781e-07	2.529360664027536e-07	9.192469931917913e-08	8.642751922138814e-07	4.811865323972597e-07	9.566361981683259e-07	8.167208463305542e-07	1.992517258031512e-06	1.3599219727211676e-06	4.0099192943898743e-07
3:Del:R:5	0.0001216457060365883	2.713654296826462e-08	9.377514462727276e-08	0.0002128753220169699	1.6920768075578962e-07	0.0	0.0016828732811518421	6.470056250691414e-05	2.510022568458226e-07	0.00013861951163107733	6.0949573526158926e-05	0.000391060346737504	8.725991413882639e-08	0.00046776587913086585	0.0020354134525405244	8.340376894011569e-07	0.00048023445883700334	0.0
4:Del:R:0	1.368365303733299e-07	0.0011111683591451538	3.35628072889449e-08	0.00019343828294040576	0.0005769124178186758	0.00038727610016735524	0.0002814461364124554	0.0014610409503802656	0.0001276121980311018	0.002903199520585531	0.010810804935971419	6.371067229338223e-09	0.021293941886767698	0.0009324168786406517	0.0006119260264256354	0.0014692439697682857	0.00937520194102035	2.0800500806217314e-07
4:Del:R:1	0.00018605499499244616	0.001059301011775915	0.00010743578537102394	0.00034895341377705336	0.004631749959662557	0.0034896277473308148	0.0	0.0032165937024728917	0.001340140287925351	0.0005490036681294441	0.0006274983016680835	0.009609874116722494	0.0027616044346359557	0.002805742183238635	0.0008198846131563187	0.002363934018649161	0.0016780461428339776	5.4637519042444184e-08
4:Del:R:2	0.0	0.0006422252787615434	1.3961573110066183e-05	9.435233039312152e-09	0.0009282854830985343	0.0022276684816461057	0.0	0.00020942990668118	4.7445681161661923e-08	0.0006694187085486192	2.012178129007225e-07	1.5309501577576157e-07	0.0028355815913528202	0.003108481876552105	0.00042624385096132753	5.559321039072529e-08	0.0010351759614422918	0.0016173015480660524
4:Del:R:3	1.7690221554289565e-07	1.8390424756375977e-07	3.1812583216606073e-07	4.2482495672402364e-07	4.7309868733691474e-07	3.7386336515510266e-07	2.1749376220014937e-07	5.214311593615406e-08	6.449648537909524e-07	2.529360749292664e-07	9.192469647700819e-08	8.642751680554284e-07	4.811865352394307e-07	9.566361796942146e-07	8.167208633835799e-07	1.992517258031512e-06	1.3599219826687658e-06	4.0099195679488276e-07
4:Del:R:4	1.7690221554289565e-07	1.8390425466918713e-07	3.1812583642931715e-07	4.2482497732976297e-07	4.730986930212566e-07	3.738633708394445e-07	2.1749375074264775e-07	5.214310561107993e-08	6.44964828211414e-07	2.529360848768647e-07	9.192470642460649e-08	8.642751950560523e-07	4.811865437659435e-07	9.566361697466164e-07	8.167207923293063e-07	1.992517258031512e-06	1.3599219286675179e-06	4.009919621239533e-07
4:Del:R:5	1.7690221127963922e-07	1.8390425609027262e-07	3.181258279028043e-07	4.248249602767373e-07	4.7309870154776945e-07	3.738633935768121e-07	2.1749378058544267e-07	5.2143114404046286e-08	6.44964831053585e-07	2.5293606569221084e-07	9.192468901630946e-08	8.642752035825652e-07	4.811865466081144e-07	9.566361796942146e-07	8.167208662257508e-07	1.9925171955037515e-06	1.3599218817716974e-06	4.0099193476805794e-07
5:Del:R:0	0.0015229436474313296	0.00022052448063618612	0.0001530722675090246	0.0001824722276069224	0.0	0.0038573469704715536	3.8064448517616254e-07	1.4012984643248171e-46	0.08046169367571565	0.18047946095466613	0.6523794800043106	2.3599409360031132e-07	7.780518217259669e-07	0.05061617959290743	0.004677552981718236	2.906416739278939e-07	1.987341192943859e-07	0.0
5:Del:R:1	0.00024333026572378457	0.0025370467395532613	0.0	3.655239027011703e-08	0.0007286165847219195	0.005981950758086896	0.0	0.0003329903593026779	0.0010817098890342435	5.093690731428069e-07	0.0001456283620427712	0.0	0.0015875085344305262	0.0020284923112058096	0.00029010081198066473	0.02000146287482494	0.0	0.007581645273501181
5:Del:R:2	4.2338309469869275e-06	6.000878727263625e-09	0.00010954990612859206	0.0007543736214017827	1.8377744481767878e-08	0.0009736441448588096	0.00010934651638478954	6.185977099448792e-08	0.001177640538662672	0.00013082659760925707	0.0	0.00040144757341167294	0.0016754205571487546	0.0021116701104972437	0.0039994040586179835	5.405281626735814e-07	0.0009008253437585267	0.0004808377947711051
5:Del:R:3	5.6330463849008083e-08	2.6650576501197067e-08	1.9067436483055644e-07	0.00026635415031535105	2.1822224027800985e-07	0.0008038855771133058	0.00021561253940660663	1.4012850567013401e-06	0.0002176969457122979	1.9877484788821674e-06	3.0779251858348286e-08	2.8017518332035253e-07	0.00021089720637803566	0.000828235436925695	1.3231030806082345e-06	1.7255744571897934e-06	0.00020598765738313318	2.0844448016532625e-07
5:Del:R:4	1.1488939080095407e-07	9.89777989124363e-08	1.6208251665261742e-07	1.7535946668090218e-07	1.7901281808008206e-07	4.33145534373125e-07	0.00024294505222908214	3.7819228140278936e-07	2.48693604021355e-07	2.3626096208317903e-07	2.1980764230988825e-07	0.0005268824097818481	2.2253425697726924e-07	0.0001234154526571274	8.95993718330601e-07	1.1921567264039368e-06	0.0009147404378659019	0.00021537866399796713
5:Del:R:5	3.9765964032767445e-08	6.52564041914161e-08	1.4122717288955756e-07	3.6276684447500427e-07	1.598200782382264e-07	2.0894623204981143e-07	1.223739790834344e-07	5.959804625490506e-05	3.2537177503400016e-07	0.00026646850727161107	0.0006944081355804599	6.771661048787791e-07	3.0059465530030136e-07	0.00024009562010576246	4.1559039516414486e-07	9.050905362073536e-07	6.276305869690191e-07	1.695700419190871e-07
2:Ins:R:0	0.0	0.00044815401524829214	0.0	0.0009142916882410645	0.0	0.0001768111231911007	0.0011238480627071112	0.0005260538309812546	0.00035198587074773967	0.0006496942602097988	0.007859935914166272	0.0035387715557590126	0.010159125175687223	0.0006551293190568686	0.0	0.0	0.0019622871885076167	0.003500822884961963
2:Ins:R:1	0.0	0.0	0.0003807911529293051	0.0012945601401497698	0.0	0.0	0.0008472668851510434	0.00032400152217064714	0.0015719525166787208	0.00042733916106953986	0.00028153959656265217	0.011103084121714346	0.00031348996522240213	0.0009281740989536047	0.0021586424205452203	0.00179295088564686	0.0026651147045186007	0.0009042619146910624
2:Ins:R:2	0.0	8.18341032271519e-08	0.0	0.01045598018235978	0.0020117416670075274	0.006933799465190305	0.04660160019993782	0.0071479194332660255	0.005034753601728425	0.0	0.0003872535540722311	0.008925941326594966	0.0033772907685488463	0.014483141948949197	0.000756452139467001	0.0017371544614434241	1.383151271738825e-07	0.03243469472229208
2:Ins:R:3	6.81443327806619e-05	0.00016644758891288803	1.4220901789485652e-08	0.0003437047154875472	0.00023642547321856	0.0007301134639419616	0.0002747495716903359	6.296785386439296e-08	5.9538353980315153e-08	4.5040355090009144e-08	0.000995837102916397	0.0	4.050002316944301e-05	0.0007981700191294294	1.5780158150846546e-06	0.0004198644397547469	0.0009190860179273841	6.411040800458068e-08
2:Ins:R:4	4.607505452440819e-05	0.0017254922878862545	0.00012029529095229919	0.0	2.639170133988955e-07	0.008176753995030595	0.0008452675781086327	0.0	0.0	1.219702539856371e-07	1.8104077980751754e-06	0.0	0.00013834205976195335	0.01123484293761976	0.001604611532002309	0.016580321789660957	0.004489430095418356	0.016024605360951228
2:Ins:R:5	0.004669495691075554	0.0006886708332899616	0.00015118935634674812	0.001139698550105095	1.9127730865875492e-07	0.004716299669257751	2.982006463980724e-09	0.0	1.3586398495135655e-08	0.0	6.62843433474336e-08	1.4732589193044988e-08	7.667580346151225e-05	0.00039407575177392574	0.02469049710780382	0.32885573580861094	0.002259301323601903	0.019605343948603603
3:Ins:R:0	0.0	5.557155466018315e-05	9.142742740664289e-08	1.9329880984741976e-07	0.00014589412114389687	0.00014494411182255362	1.0405619690345703e-07	0.0005661399245212806	4.8949601705317036e-08	0.0011864347395487585	0.001623245102632609	1.5391748746651502e-07	0.0007502444931873243	2.0265217699488858e-06	8.511356099916156e-07	3.4203880545646824e-07	0.00011541147593447931	9.881746133757474e-05
3:Ins:R:1	3.2822196516235634e-09	0.0013129688513515703	5.586796181233922e-08	5.519517756624736e-07	1.0163843171540065e-07	0.005283216579018557	0.0019396229010748556	1.5837938462937018e-07	3.921409955864874e-07	1.3314815987541807e-07	0.0	2.7402527109643414e-07	4.1337595746426817e-08	0.0027480782482257383	0.0	3.802540163633239e-07	0.0005185114302150851	0.0020158666344570974
3:Ins:R:2	9.693924739595516e-08	1.484570930188056e-07	0.9821509778499603	1.2847144859051696e-06	3.694397481693659e-07	4.3350878797809855e-07	1.421684021352121e-06	2.4648710308384335e-07	7.198124876595102e-07	0.010512562236408484	1.7640598343859893e-06	1.439311688500311e-07	6.265125886528722e-06	0.002527264709917468	4.440896006485673e-09	1.5236664978601766e-06	0.3013911887028371	0.0019191835551083613
3:Ins:R:3	4.525076988670662e-08	4.250232654712249e-08	9.30889584964234e-05	3.149280178860181e-07	9.59793013066701e-08	1.2248667076164564e-07	6.621869914624768e-08	1.1993063857573817e-07	5.234452373770182e-08	0.0009102768455704791	0.00015542827509307244	2.071377281254172e-07	1.000058063027609e-07	4.131859185463355e-07	2.573789842585938e-07	3.251960777550522e-07	0.001274760318096213	3.02305079458165e-07
3:Ins:R:4	1.0101227587711036e-08	3.602155712911781e-05	5.183249030267234e-05	0.012589573213517724	8.873097831383348e-05	0.0017607458942350718	0.07048165379092097	6.186597261148563e-08	1.9519529814715497e-07	0.0	0.0	0.004548984918648103	0.00043219001963734627	1.803650178544558e-07	0.0010588047094643115	1.0135348418316426e-06	0.03621754276817768	0.008770449459552765
3:Ins:R:5	0.0	0.0005203231753072579	0.005758917089224269	0.0007104511900934085	0.000989517395760231	0.00044310613969855694	0.00043706446886062624	1.6086571008600004e-08	0.0	0.0	0.0	9.63605913284482e-08	1.5586169297421292e-07	8.937821007748426e-08	0.02322485342001528	0.0012085133753089393	0.2735932905226946	0.0047276673835312975
4:Ins:R:0	0.00020255096751498058	0.0001217380330388096	0.0	0.0004256784450262785	0.00019788698892853063	1.4012984643248171e-46	5.543446590650092e-09	0.0013738470384851097	8.661053072955837e-07	0.00027620012406259775	0.0	0.001357600186020136	0.0028696232697257074	6.636333409915096e-07	0.00030243270859955376	5.217984835326206e-08	0.000777500310096002	0.0015753602377984067
4:Ins:R:1	0.00016910915187224874	2.5337112674606033e-08	1.5199715619473862e-08	0.001793029962882997	4.826485124453939e-07	7.448581754943006e-07	0.0027355790308945414	0.0016566010424867272	0.0016616716382031882	0.0030349032162575893	0.0012484977720305323	0.00013564896687228155	0.004157373332418501	9.908538913805388e-08	5.36284005647758e-07	0.00041658999398350713	0.003908256068825722	0.0012051992411670654
4:Ins:R:2	1.7690221127963922e-07	1.8390425040593073e-07	3.18125842113659e-07	4.248249751981348e-07	4.7309868733691474e-07	3.738634013927822e-07	2.1749377063784436e-07	5.2143116024971904e-08	6.449648367379268e-07	2.5293607563980913e-07	9.192470038499322e-08	8.642751524234882e-07	4.811865522924563e-07	9.56636186799642e-07	8.167208434883833e-07	1.9925172466628283e-06	1.3599217908222271e-06	4.009919532421691e-07
4:Ins:R:3	2.951728071742821e-07	6.712636153594076e-08	1.6577986272636736e-07	4.4756905808185367e-07	4.891732388045966e-07	1.2565974039091543e-07	0.00010811708529456787	5.135034371051006e-08	2.3729036584541064e-07	2.154098144302452e-07	0.00020240041592956004	3.497359352344631e-07	0.00018708873300710138	1.703163860611312e-07	0.0005831212267963792	1.1726413845281058e-06	9.690564262143653e-07	0.0006141097880416168
4:Ins:R:4	1.1720522188340965e-07	5.724346294755378e-08	6.391429963059636e-08	4.688212875691988e-08	0.00045307850413109916	0.0007071919386930859	0.0	3.0925055938269e-08	4.83239523418888e-07	0.00023405099582021193	6.897732328425832e-05	1.294163496368128e-07	0.0010248072888373373	0.00018823512191090686	0.0006129617136195975	0.0006834430426124527	3.364088811963484e-07	0.00024171736984328617
4:Ins:R:5	0.0	9.353696213452168e-05	0.00015306500346241593	0.002728562618760577	0.00039001342374831436	0.00510006110400667	0.0005876319459929391	0.0008814706467092037	5.771836101757799e-05	0.0015205073031182791	0.0	0.0004534953701067934	0.00230767808498058	0.00785379887097406	0.0016965823992364903	0.009130843402635947	0.0034450169368767545	0.00493847238831222
5:Ins:R:0	1.920754009177017e-08	8.192123033268217e-08	8.566860927317066e-08	7.24336779001078e-08	6.169382658072209e-07	9.568448001715524e-05	0.0006487443348500932	2.443046236066948e-06	0.0	0.0003615632343382913	0.0003804912565655627	0.0001769426042528721	0.0007865690969993012	0.0012419725124289017	1.5519480598413792e-07	5.530438784262515e-07	0.00024656587377478443	1.5166400544330826e-07
5:Ins:R:1	0.00018470956000555817	0.00011492383200675249	0.0	0.0015268149399702224	9.947220096364617e-05	0.0009102513005245783	3.3247333499275554e-05	0.001569969649426639	0.0	0.017261263192631306	0.002467331396746886	5.335019864105561e-07	0.012673536408692598	0.0	0.0011180762433014024	0.0062409241564637345	0.0016095536680950317	0.0036948062479496002
5:Ins:R:2	1.8580860299266534e-07	3.333278506545412e-08	1.556005109648595e-07	5.1600548189867367e-08	0.0004577827743773355	6.731791262684083e-05	0.0	2.738466159826203e-05	4.794311507794191e-08	3.419271621396547e-08	2.2047561287763528e-08	7.699090929236263e-08	0.00041790562072812064	0.0007268513355938921	0.0008085440011484479	0.0003499722276956163	1.8110848358787736e-07	7.774633161261591e-07
5:Ins:R:3	3.9374775102629656e-05	2.1838322794565103e-08	6.499572791085484e-08	2.285400498092116e-06	5.582001278980897e-08	5.410716674703053e-08	5.5860411407593347e-08	1.873055964551895e-07	7.493179751349998e-07	0.00023045780850168286	7.075502026054892e-07	0.0008527712896402306	0.0007057292801277981	0.00022945461924450683	0.00508739518031689	3.252267447351187e-06	0.002349297086581714	9.411378300683282e-05
5:Ins:R:4	9.822476414456105e-08	3.928744183490096e-05	1.718550507234795e-07	0.00011434431785346532	7.986002401594305e-08	0.0012490030996708868	7.446425798320888e-05	0.0006317117120488546	0.0001939826870085426	0.0	0.0	2.1259966729303414e-07	2.0153031073277818e-06	0.004891882844086126	0.0008631607189187207	0.0011908281129370478	0.0011249944823362057	0.0008194954315758451
5:Ins:R:5	1.7690220559529736e-07	1.8390424898484526e-07	3.181258293238898e-07	4.248249283023142e-07	4.7309870296885494e-07	3.7386338931355566e-07	2.1749377419055804e-07	5.214311449286413e-08	6.449648452644397e-07	2.529360585867835e-07	9.19247018060787e-08	8.642751566867446e-07	4.811865466081144e-07	9.566362265900353e-07	8.167208406462123e-07	1.9925173376122986e-06	1.359922146093595e-06	4.00991976334808e-07
2:Del:M:1	0.00024451514759675773	1.910663336428958e-17	0.00023323719172196888	0.0	0.0006157597346614807	0.0020010408856705906	0.0013603038381916122	0.00031459676210943144	0.00043058284943526816	0.001610063388943672	0.00016308245831169187	0.008916618523653597	0.011840998264960944	0.0020717516634022105	0.007280517555773258	0.0073932291008532046	0.013367735168731087	0.0032995574945005046
3:Del:M:1	0.0	0.0004105532737412432	0.0002478285106633393	2.5194440968334676e-05	0.0005734927020967006	0.0005334937843826992	0.0004710542038083076	0.0002598053792553401	0.00198980588465929	3.507746441755444e-05	0.03280980912968516	0.004747688081511115	0.01726534406125211	0.004876905307173729	0.0	0.007416460092645139	0.005459486017934978	0.0
3:Del:M:2	0.001121574590797536	0.00300646317191422	0.0002122446601106276	0.0028818610007874668	0.0	0.0011362215969711541	0.0005120986901602009	0.004698218584871938	0.0018446353962644935	0.0015446196761331522	0.00974051426164806	0.0021569593576714397	0.004034786811098456	0.02278170399367809	0.0021981830475851895	0.0011886568179761525	0.003171411529183388	0.006710193678736686
4:Del:M:1	0.00014781526087972451	0.00015016268629040042	0.0012410470726365475	0.0	0.0015649473425980887	0.001083860854669183	7.801835977261362e-08	0.002988696579717498	0.006875346487368006	0.001999744027853012	6.713359616696834e-05	0.0019604629374043725	0.0010893658269196748	0.040273888409137724	0.002065573073923588	0.0014533889106587595	0.0055505882732632015	0.0031094546773488218
4:Del:M:2	0.0	2.9735046425116707e-08	3.1799007871313734e-09	1.0097134008901776e-06	0.00024564172770169534	0.0007633867207914591	0.0010562579601014477	0.0027001928090271575	0.002181226417974358	0.0010880878486204892	0.0026127444489958407	0.00525595792146305	0.003309655780601872	0.00351178296841681	0.0	6.25779591700848e-08	4.45958619366138e-07	0.0006611597116005896
4:Del:M:3	2.7011003764698673e-05	0.0008670329122878684	6.134457777307035e-08	0.0	0.0004281640319049984	0.0031957254512235524	0.0009427238112948543	0.0023676065270933576	0.0018140397954311994	0.0029923419613325565	0.0	0.003932478207070744	0.0015194213093991493	0.0006706104148179292	0.0	0.002743354393169284	0.0030718627229816774	0.010947425325866789
5:Del:M:1	5.974989107926376e-08	1.1339741021743066e-07	5.980013852990851e-08	0.0007785269027223762	3.977990914449947e-08	0.003343023037768944	9.845156967003277e-07	3.45558675007851e-08	0.7411197274923325	0.10194224926551669	0.05678351398901214	3.4781471640599194e-07	2.594295210656128e-07	0.01681608073846803	7.855628041397722e-07	9.648136710893596e-07	2.914683818744379e-07	1.5168884118565983e-06
5:Del:M:2	7.816044380604126e-08	8.651331029341237e-09	0.0004934360166203078	0.0	9.981502444134094e-07	0.0009391455959679718	7.79729586497524e-07	1.2340829755430605e-06	3.5369543411434277e-06	0.4794921115040779	0.024175347108666756	0.0008640865474831116	7.306548008045866e-06	2.8932856139363137e-06	5.7324581064222e-07	2.5692431478319124e-06	0.0010947807219054083	0.00010542951033407633
5:Del:M:3	0.0	1.1298545814497629e-07	0.0	0.00034437128924764694	1.4012984643248171e-46	0.0010319469838066197	0.003345517351505123	0.0006849853787571191	0.025702391285449266	0.0625458974391222	0.047179921669885515	0.006874123116722331	0.0	0.0406978907994926	0.0	0.005258747634434258	0.002819471476595936	0.0037977669892825363
5:Del:M:4	0.0	3.0306758915799035e-07	5.333088637371475e-09	2.7514477807244475e-08	0.0	6.837957045036092e-09	7.362981167489125e-05	0.0006321310517137136	0.010171959665603936	0.023574987883330324	0.02794358255341649	0.0017284720503084826	0.003292665707976994	0.0008174308575689792	5.70197940419348e-07	2.146815589298967e-07	0.002286931473190634	6.000880148349097e-08
5:Del:M:5	0.0005505057925859092	0.000919984866050072	0.00013152098981663584	0.0024894335016142576	6.865278701297938e-05	0.0009846583940088748	0.0004452139532077126	0.0006897104496601969	0.009067744389176369	0.002531967870891094	0.024705422203987838	0.003954159375280142	0.0048924454949826664	0.0057455935020698234	0.0037685421761125327	0.005312420055270195	0.016444852203130723	0.0
