MutationType	ID83A	ID83B	ID83C	ID83D	ID83E	ID83F	ID83G	ID83H
1:Del:C:0	0.00E+00	1.06E-03	7.46E-03	3.78E-04	3.85E-03	1.59E-03	3.39E-02	2.37E-02
1:Del:C:1	1.76E-04	7.06E-05	5.80E-03	7.47E-05	2.04E-03	0.00E+00	7.95E-03	1.03E-02
1:Del:C:2	1.51E-08	4.63E-09	4.54E-04	6.64E-08	1.96E-04	7.77E-08	1.25E-03	1.91E-04
1:Del:C:3	3.76E-04	1.18E-05	1.26E-03	1.57E-04	4.82E-04	7.31E-04	1.77E-03	2.02E-03
1:Del:C:4	3.76E-04	5.43E-05	9.87E-04	4.54E-05	3.84E-04	9.49E-04	2.82E-03	1.14E-03
1:Del:C:5	4.44E-04	2.18E-07	1.39E-04	1.62E-04	4.30E-05	7.56E-04	3.03E-03	1.17E-03
1:Del:T:0	4.19E-04	2.14E-04	6.25E-03	9.24E-04	3.20E-03	1.35E-03	2.22E-02	8.68E-03
1:Del:T:1	2.00E-04	6.89E-06	2.28E-03	2.52E-06	1.36E-03	8.06E-04	8.70E-03	8.29E-03
1:Del:T:2	9.06E-09	1.41E-04	4.71E-03	0.00E+00	1.57E-03	1.52E-03	1.93E-02	8.92E-03
1:Del:T:3	3.79E-04	4.89E-04	4.54E-03	2.78E-04	1.50E-03	2.12E-03	1.94E-02	7.95E-03
1:Del:T:4	1.07E-03	1.13E-03	3.75E-03	5.03E-05	0.00E+00	5.27E-03	1.76E-02	5.21E-03
1:Del:T:5	8.74E-09	3.06E-07	8.10E-08	2.39E-07	1.22E-06	7.25E-03	5.01E-02	7.39E-04
1:Ins:C:0	1.87E-04	0.00E+00	3.24E-07	1.82E-04	4.35E-04	1.12E-04	1.28E-03	6.95E-04
1:Ins:C:1	3.66E-05	3.78E-05	0.00E+00	2.98E-08	2.39E-04	1.14E-04	1.96E-08	1.90E-03
1:Ins:C:2	2.55E-05	1.04E-08	6.27E-05	5.62E-05	4.85E-04	1.14E-04	4.14E-04	1.15E-03
1:Ins:C:3	1.70E-04	8.36E-09	4.71E-09	9.97E-05	3.77E-05	4.30E-09	3.69E-04	7.36E-05
1:Ins:C:4	3.48E-04	9.90E-06	1.16E-04	5.25E-05	1.02E-07	1.56E-04	1.22E-03	4.83E-04
1:Ins:C:5	2.25E-03	3.12E-04	7.86E-09	2.19E-04	1.63E-04	1.20E-03	1.40E-02	8.19E-03
1:Ins:T:0	3.85E-04	3.58E-08	1.50E-03	0.00E+00	7.06E-04	1.51E-04	5.97E-03	2.85E-03
1:Ins:T:1	2.06E-05	7.73E-05	1.35E-03	0.00E+00	8.33E-04	6.29E-05	2.29E-03	4.56E-03
1:Ins:T:2	2.14E-08	2.48E-08	6.89E-04	2.03E-08	3.29E-04	3.70E-05	1.76E-03	1.39E-03
1:Ins:T:3	4.82E-04	9.63E-05	1.33E-04	1.02E-04	9.88E-05	4.65E-04	1.69E-03	1.16E-03
1:Ins:T:4	2.20E-03	1.93E-04	4.63E-04	1.74E-04	5.76E-04	2.96E-04	6.99E-03	5.00E-03
1:Ins:T:5	4.92E-03	9.44E-08	3.56E-06	6.65E-08	8.44E-04	2.14E-46	1.97E-02	1.07E-01
2:Del:R:0	1.64E-04	2.91E-05	7.23E-04	0.00E+00	8.99E-04	7.70E-04	4.83E-03	2.06E-03
2:Del:R:1	5.59E-04	1.81E-04	4.50E-04	1.34E-04	1.08E-03	4.75E-04	1.38E-05	8.44E-03
2:Del:R:2	2.81E-04	7.16E-05	2.40E-04	2.10E-04	0.00E+00	3.78E-04	1.38E-03	9.24E-04
2:Del:R:3	1.31E-04	1.08E-04	4.99E-09	8.51E-09	8.96E-05	1.25E-04	2.98E-04	1.84E-04
2:Del:R:4	2.02E-08	1.34E-05	1.83E-08	3.20E-08	2.93E-08	7.54E-05	5.92E-08	1.43E-07
2:Del:R:5	1.54E-07	1.01E-02	8.37E-09	3.52E-04	3.04E-04	0.00E+00	3.59E-04	2.05E-02
3:Del:R:0	0.00E+00	8.19E-05	6.21E-04	0.00E+00	1.26E-03	3.48E-04	1.58E-03	6.29E-03
3:Del:R:1	9.49E-04	0.00E+00	7.22E-04	2.21E-04	2.58E-04	5.78E-04	2.94E-03	2.65E-03
3:Del:R:2	2.76E-05	5.87E-05	2.72E-04	1.17E-04	3.37E-04	3.32E-04	7.69E-04	4.69E-04
3:Del:R:3	9.84E-05	1.18E-08	8.32E-05	3.90E-05	5.48E-08	1.47E-04	1.71E-04	2.19E-04
3:Del:R:4	1.71E-08	1.59E-08	1.24E-08	5.79E-09	9.87E-09	1.33E-08	1.08E-07	7.50E-08
3:Del:R:5	1.30E-07	3.37E-08	3.25E-05	3.60E-08	3.78E-08	4.82E-08	6.38E-05	6.76E-08
4:Del:R:0	9.33E-05	0.00E+00	3.66E-04	1.68E-08	3.69E-04	7.55E-05	6.03E-04	1.36E-03
4:Del:R:1	1.27E-04	6.59E-05	5.99E-04	4.53E-05	1.58E-04	5.62E-04	2.54E-03	5.87E-03
4:Del:R:2	2.34E-05	8.14E-05	2.13E-04	1.44E-03	6.04E-06	6.17E-04	1.73E-03	1.86E-03
4:Del:R:3	1.71E-08	1.59E-08	1.24E-08	5.79E-09	9.87E-09	1.33E-08	1.08E-07	7.50E-08
4:Del:R:4	6.94E-07	4.05E-08	4.15E-08	7.17E-08	4.66E-05	4.92E-08	7.00E-08	1.46E-04
4:Del:R:5	4.74E-08	8.02E-03	5.71E-08	1.28E-07	4.31E-08	1.87E-07	4.63E-07	1.03E-01
5:Del:R:0	4.21E-08	1.17E-08	1.68E-04	5.61E-04	5.38E-03	1.75E-06	9.13E-03	2.19E-02
5:Del:R:1	0.00E+00	0.00E+00	1.01E-05	3.04E-05	2.57E-04	3.69E-04	1.69E-03	1.31E-03
5:Del:R:2	6.48E-05	4.60E-05	1.65E-04	1.16E-04	2.57E-04	1.02E-04	6.04E-04	6.88E-04
5:Del:R:3	6.48E-06	9.89E-04	1.08E-08	5.34E-08	5.79E-05	1.46E-04	3.60E-04	2.05E-03
5:Del:R:4	2.70E-08	2.60E-08	2.92E-08	1.41E-06	6.39E-05	8.50E-05	4.59E-07	2.34E-04
5:Del:R:5	2.55E-05	3.09E-05	4.49E-05	3.54E-08	2.82E-08	2.60E-08	1.25E-07	1.25E-04
2:Ins:R:0	5.48E-06	5.83E-05	9.93E-05	1.15E-04	3.82E-04	2.16E-04	2.95E-03	2.15E-03
2:Ins:R:1	1.75E-08	1.77E-08	4.58E-04	1.40E-46	2.97E-04	6.83E-06	8.20E-04	8.37E-04
2:Ins:R:2	1.72E-04	2.16E-04	1.79E-04	1.00E-08	0.00E+00	1.77E-04	3.32E-04	3.35E-04
2:Ins:R:3	1.21E-04	8.23E-05	4.18E-09	6.75E-05	6.76E-05	0.00E+00	2.30E-04	2.94E-04
2:Ins:R:4	1.02E-03	6.66E-08	1.29E-08	2.64E-03	2.35E-07	9.32E-04	1.48E-02	4.38E-03
2:Ins:R:5	2.06E-03	4.02E-09	4.26E-09	2.96E-08	1.71E-04	1.42E-03	5.01E-03	4.26E-03
3:Ins:R:0	1.76E-08	8.72E-07	1.26E-04	3.35E-08	1.83E-04	3.07E-08	2.92E-04	6.66E-04
3:Ins:R:1	1.38E-04	4.48E-09	2.14E-04	9.27E-05	9.00E-05	1.14E-04	1.24E-04	6.71E-04
3:Ins:R:2	2.38E-08	1.90E-08	6.39E-05	1.46E-07	7.63E-05	1.05E-04	4.15E-04	7.86E-08
3:Ins:R:3	5.41E-08	3.45E-07	4.63E-05	9.82E-08	1.75E-08	3.25E-09	2.35E-04	1.69E-04
3:Ins:R:4	5.70E-05	2.98E-05	2.36E-08	3.84E-08	1.14E-04	9.28E-05	2.37E-04	1.00E-04
3:Ins:R:5	5.01E-05	1.40E-04	0.00E+00	2.36E-04	6.91E-05	4.13E-04	4.63E-04	1.46E-03
4:Ins:R:0	8.47E-09	4.75E-05	2.14E-08	2.11E-08	6.68E-05	1.51E-08	0.00E+00	2.67E-05
4:Ins:R:1	3.49E-04	3.75E-04	2.44E-04	1.36E-03	1.16E-08	0.00E+00	4.07E-03	1.11E-03
4:Ins:R:2	3.11E-05	3.91E-05	1.23E-08	3.22E-08	3.69E-08	2.47E-05	1.48E-07	1.14E-04
4:Ins:R:3	1.26E-04	3.05E-03	3.55E-08	6.57E-05	8.29E-08	3.90E-05	2.88E-08	2.26E-03
4:Ins:R:4	1.40E-46	1.10E-04	4.23E-08	9.69E-04	2.61E-04	1.09E-07	1.18E-03	2.14E-04
4:Ins:R:5	2.17E-04	6.78E-09	1.17E-08	9.58E-05	2.84E-04	2.30E-04	1.32E-03	1.05E-03
5:Ins:R:0	1.32E-08	7.60E-09	1.63E-08	2.54E-07	1.02E-04	4.18E-09	4.20E-08	3.06E-08
5:Ins:R:1	1.05E-04	1.68E-04	5.27E-04	2.74E-04	7.73E-04	1.24E-04	1.21E-03	2.17E-03
5:Ins:R:2	1.99E-05	2.79E-08	3.97E-08	5.41E-08	8.49E-08	4.83E-08	1.20E-07	9.05E-05
5:Ins:R:3	7.52E-05	6.03E-09	3.27E-05	7.89E-09	1.10E-04	4.19E-09	3.74E-05	6.82E-08
5:Ins:R:4	3.62E-05	3.72E-05	4.51E-05	2.04E-08	7.40E-05	9.32E-09	6.83E-05	1.22E-04
5:Ins:R:5	4.98E-08	2.05E-08	5.05E-05	2.66E-08	3.02E-08	2.15E-05	1.47E-04	2.25E-04
2:Del:M:1	1.45E-04	3.01E-05	8.35E-04	0.00E+00	6.33E-04	3.16E-04	2.49E-04	5.14E-03
3:Del:M:1	5.13E-09	8.71E-05	9.92E-04	0.00E+00	1.20E-03	2.43E-04	2.01E-03	8.66E-03
3:Del:M:2	1.85E-04	4.68E-05	5.05E-04	2.47E-04	7.14E-04	6.82E-04	7.11E-03	4.02E-03
4:Del:M:1	1.40E-46	2.70E-09	1.27E-04	3.83E-04	5.20E-04	9.29E-05	3.14E-04	1.79E-03
4:Del:M:2	2.00E-04	6.32E-05	4.47E-04	8.27E-05	4.59E-04	0.00E+00	1.37E-03	1.66E-03
4:Del:M:3	1.28E-04	3.05E-05	8.73E-04	2.79E-04	1.95E-04	3.97E-04	2.82E-03	2.21E-03
5:Del:M:1	2.99E-08	1.47E-08	1.33E-08	9.72E-04	4.26E-03	1.92E-07	8.13E-03	2.91E-02
5:Del:M:2	3.28E-08	1.18E-07	1.05E-07	3.61E-07	2.62E-03	1.99E-06	1.74E-07	1.59E-02
5:Del:M:3	4.58E-04	0.00E+00	4.53E-06	1.06E-04	1.39E-03	2.10E-04	3.84E-03	7.92E-03
5:Del:M:4	2.87E-05	5.64E-05	2.91E-04	1.27E-04	1.39E-03	4.88E-04	1.41E-03	4.02E-03
5:Del:M:5	1.15E-04	2.26E-04	2.15E-06	6.24E-09	1.14E-03	6.37E-05	3.38E-08	2.50E-03
