MutationType	ID83A	ID83B	ID83C	ID83D	ID83E	ID83F	ID83G	ID83H	ID83I	ID83J	ID83K	ID83L	ID83M	ID83N	ID83O	ID83P	ID83Q	ID83R	ID83S
1:Del:C:0	4.5764036258333365e-07	0.0	0.00041749532460926274	1.410757852227107e-06	0.6594602942466736	5.6051938572992686e-46	0.09768728857452516	0.2746747321049952	0.10092033073306084	0.0011527727997872716	0.011171937314793467	0.0029156394552956044	3.06342576550378e-07	0.050675428658723834	0.06861286237835884	0.004414391657246597	1.8660040041140747e-06	0.00618388738958231	0.1479477204339105
1:Del:C:1	9.11587534346836e-08	4.209829569390422e-08	0.0	1.455786197368525e-07	0.001706937312064838	1.7111527415636375e-05	0.001986376853983529	0.4534386955201626	0.043727814850490175	1.4012984643248171e-46	0.004836490809270799	8.913154590572959e-06	0.020681822867595658	0.011866901750136095	1.2205460507175303e-06	0.0014436119236052036	7.082061671326301e-07	8.632962214960571e-06	0.006101432316518185
1:Del:C:2	3.0230611969273016e-08	8.94813467766653e-08	1.4012984643248171e-46	0.0	0.001955933579665725	0.0013960441458038986	0.0009748796466737986	0.002894804731477052	0.000941770151257515	0.0021758222253993155	0.009113476984202862	0.0	0.006318860969884099	0.003413008358620573	5.09816687554121e-05	0.0005379806616247152	0.0007773969962727278	0.0036287367343902587	0.0002713015768676996
1:Del:C:3	0.0006223303887338716	0.00131268590870377	0.0	6.089536473155022e-05	0.0004374811425805092	0.0	0.016930503118783236	0.02457617807517636	0.013831820571795106	0.0007367967627942562	0.003603383852168918	0.007567454496336268	0.011143843410536647	9.654900641180575e-05	0.015689592296257614	0.00576463220641017	0.0012947353767231106	0.001328585483133793	0.030649077892303467
1:Del:C:4	2.144815144902168e-05	0.004370987819856964	0.0	0.0070696538779884575	0.006912017118884251	0.0	0.029776495633996092	0.0013353539630770682	0.0027421897277235983	0.0	4.328554132371209e-06	0.00791338254697962	0.013185533770592884	0.009869049578128397	0.062161877658218144	0.1854085974395275	0.00407410959014669	0.026314858719706534	0.029949184134602548
1:Del:C:5	0.0007572698406875134	0.0	0.00019757526461035014	0.006606635800562799	0.00021244193826532864	0.0	0.00014271210059177975	0.0012635969663051584	0.0006881200708448887	0.0026744707836769523	0.0	0.009921876317821442	0.0023381062783300877	0.029219440883025527	0.0025474966916590345	0.012389781605452298	0.02134403707459569	0.008616824122145771	0.015421865787357093
1:Del:T:0	0.0018491918137158337	0.0	0.0	0.0009274999611079693	0.047396299242973325	0.0014194684685207904	0.2891791291534901	0.03814839273691177	0.03575248811393976	0.0	0.031144844321534037	0.0014147684909403325	0.033774684624313524	0.03839563140645623	0.028923163563013075	0.020583088021112417	0.0017212606966495515	0.028915532119572162	0.04632730074226856
1:Del:T:1	0.00035632615062581864	0.0	0.0	2.53148698448058e-08	0.005747131258249283	0.0	0.0915379862419968	0.06441886646134662	0.05977646699002435	1.4012984643248171e-46	0.00777593619158381	0.0020151750059085316	0.08490821346895246	0.02033195337280631	0.00045509966239478674	0.0	5.6051938572992686e-46	0.0009033661335706711	0.024693506211042403
1:Del:T:2	1.6456492630823049e-07	0.0009365499019622803	0.03383604793343693	0.0002973247319459915	0.006787113682366908	0.06666421495028771	0.00895552623057938	0.05057680569589138	0.45296385139226913	0.024802966974675655	0.009066048264503478	0.0033818840980529784	0.028657928854227067	0.05850272113457322	0.010010277787523591	0.0022298572584986687	0.03538316958511132	0.0011832959949970244	0.03163533073384315
1:Del:T:3	0.002268916956066391	5.835971513802972e-33	0.0013928239919266615	0.0027972364926168404	0.10776710760078459	0.0	0.07376773660307663	9.809089250273719e-46	0.031993122026324275	0.002645638046908516	0.0	0.0	0.577224862575531	0.014849111942658056	0.008491189491803653	1.2845526725868695e-06	0.021827065106481313	1.569512278365437e-06	0.007322075043339283
1:Del:T:4	0.0	0.001156437210738659	0.0	0.028503421785103455	0.038388410769402984	0.0028867674991488457	0.1661921473246366	0.020176820829510687	0.10879942865249177	0.002526460940225661	0.0	0.0	0.05880681965500116	0.09775361716747284	0.010186066478490829	0.028869015723466875	0.0016089543700218202	0.015857332867381047	0.054712194576859476
1:Del:T:5	2.448927602928533e-08	3.229595421316844e-07	1.8399438772576103e-08	0.9187947034835815	0.0028913344441093614	1.996004914417426e-06	1.6103151011748197e-06	6.282329309215129e-07	3.4381601807355354e-06	2.1019476964872256e-45	0.005108820778008294	0.000914282994858695	1.2153279612903135e-06	0.08268012786985537	0.015301159092086892	3.7397676583930153e-07	1.4320361117370339e-06	0.013846012092585624	0.26644007145819726
1:Ins:C:0	7.501813921386712e-05	2.145039772472046e-08	0.0	8.024582638626044e-05	7.206762675195932e-05	1.0389434965674126e-07	0.00016864137924130774	1.7273995922550965e-08	0.0	3.476058338947041e-08	0.0024189065856717205	0.00027623281348496673	0.00021817988911720931	0.00046143461120209397	0.0	7.303149516246776e-08	0.00010528350247227536	0.0015856795230774878	0.0017043206691766954
1:Ins:C:1	4.802428918537772e-07	0.00012612936584517344	0.00010395478457212449	7.131287818040733e-08	0.0018689586692417492	0.0011553790346482628	0.0005881938624767713	5.086407668386528e-08	0.0	5.903280566599278e-08	0.005067913542734459	0.0010029238816969155	0.0	0.0	0.0016611605756118308	0.001554133455772444	0.0001033839063794062	0.001939925947226584	0.001401731465011835
1:Ins:C:2	1.4182023377884435e-08	2.772770528736146e-08	0.0	6.23742607785971e-08	0.00014812024310231208	2.15442202744498e-08	0.0008533883519703522	0.0021946797158193475	2.105083041215039e-08	7.881289576516792e-09	0.0031675162143073978	0.0009617803311357421	1.3694825497623242e-06	5.703654437638761e-08	0.0	8.91905159505768e-08	0.0010067059619814245	0.001224019113217878	0.0016095604257770901
1:Ins:C:3	5.39549483846713e-07	9.509091967174754e-08	0.8752310276031494	1.0704214048473659e-07	5.837423742605097e-06	0.05952472980093467	2.4276672945688917e-06	2.892743515303746e-06	0.005526264134482517	0.013889946796552982	2.4248885210909066e-07	0.002706155135490462	1.1601724357740428e-06	0.000603687852094481	0.005835058719173958	4.4216087644599613e-07	0.028179911656638978	0.00136280004388665	0.010419640804968822
1:Ins:C:4	0.00047774180420674385	0.0	0.00026864184328587724	0.001122544868849218	0.0007399050053209066	0.0	4.662087960127792e-09	0.0	0.0008365042507648468	0.00475387058686465	6.710125016979873e-05	1.5263732393577812e-07	7.493834459637583e-08	0.000983235239982605	0.001369667850971723	0.002962775209073243	0.0021999898987132838	0.0002676857402548194	0.0010954496217891573
1:Ins:C:5	0.016736262101221654	0.00013650145774590783	0.0	0.0007466162263881415	0.0001004580939479638	0.0	0.008627523142448013	0.00033245587255805733	0.00026841650100664085	0.05086861848831177	9.932294915415696e-08	0.0	6.343056497826183e-08	0.0056461648566596525	0.006077511497517207	0.005829866230487824	0.07200391929773105	0.004144018810166017	0.008220726158469915
1:Ins:T:0	0.00024442066060146315	0.0	8.034049584182412e-05	0.00023428672142244977	0.004444942716509104	0.0006855010171420873	0.004850652115419507	0.006903447653166949	0.04555165683850646	1.8754486518446357e-06	0.0052890163729898635	0.0028578358314007347	0.009457378834486007	0.010908742139645256	0.007506965906395635	0.0	0.02009789878502488	0.014212607441004365	0.006237277807667851
1:Ins:T:1	0.0003148922580294311	0.017570360470563172	0.0	0.0009896050440147519	0.0017911450937390327	0.0	0.006824384819083207	1.3233658205535902e-05	0.006658950261771679	0.0	0.004760046303272247	0.02067064615916934	0.04103522412478924	0.02527646943926811	0.07713055647909642	0.053598134710591695	0.008107819905296765	0.07503198496997357	1.4619095964008012e-06
1:Ins:T:2	0.0012225920159835368	1.4012984643248171e-46	0.005923164775595069	0.0	0.002030413572876455	0.0012771961744874715	0.002603551484935451	0.003370750369504094	0.005752099817618728	0.00040397947666406255	0.0	0.0	1.4012984643248171e-46	0.003328643331769854	0.00044935112559869595	0.0024387890473008154	0.0034421034855768085	0.0	0.0006137721240520478
1:Ins:T:3	0.0031825478996779567	0.0002998208496137522	1.4856570373922295e-08	0.00018515401004037813	0.0044893529266119	2.737062914093258e-08	0.0	0.000547591270878911	0.0	0.0020894923648597796	0.0043893927670296765	0.0009640774028412125	0.0	0.06894604936896939	0.028923656262986697	0.11285172803327441	0.0021444126756591684	0.018376942770555616	0.01647114662566764
1:Ins:T:4	0.012004949095717166	0.0	0.0	0.0030535929603502155	1.0470678716956173e-06	6.452695799907815e-09	0.002171028032898903	0.0	0.018444954580627382	0.0005763310939073563	0.0	1.0105698038387345e-07	1.4012984643248171e-46	0.05312086399644613	0.0	5.088748139314703e-07	0.030576400551944972	0.0004576407966624174	0.011076102731749415
1:Ins:T:5	0.9475798666477203	1.3278749975143e-07	3.033426679621698e-07	4.203895392974451e-46	2.5317264089608217e-07	3.5131341178384903e-07	2.441017784349242e-07	1.4012984643248171e-46	3.4404371945129243e-06	0.013711656630039214	2.709717250581889e-07	3.823387169177295e-06	1.541428310757299e-45	0.19713123440742492	0.004074925506400895	1.3124182544288488e-06	0.38998336651347926	1.1223156911910337e-05	0.004903815455054428
2:Del:R:0	1.2835840834668488e-07	9.95013164356351e-05	4.1301794340142804e-08	3.6022779568156695e-07	0.009890031022951006	0.0031766118576342707	0.03431386984884739	0.011125918896868824	0.00481261583045125	0.0006672290619462729	0.004283780790865421	0.001465640589594841	0.01460863572146991	0.0006299017928540707	0.005580709781497717	0.001586454990456332	0.0	0.008605486759915949	0.0057191755156964065
2:Del:R:1	0.0002467756887199357	0.004186808172605083	0.002073790645226836	0.0003243236802518368	0.0010387424496002494	0.005178515137231443	0.007249217480421066	1.4012984643248171e-46	0.00033181525068357585	0.016622274927794934	0.027111677965149284	0.005782834952697158	0.005771608650684356	0.0004189851228147745	0.00638306918554008	0.008802760764956475	0.012788453802932054	0.025617668381892146	0.00741297397762537
2:Del:R:2	0.00015955826326283785	1.31448686602198e-08	0.0	0.001079634145115449	0.00025005607167258857	9.081317955406121e-08	9.542868938297033e-05	0.00042727385298348965	0.00761933762114495	0.00028599700444544853	0.0006758212037937028	9.128571036853827e-08	0.0009719190886244178	0.004519692950071885	2.6214906370114475e-07	9.54371175794222e-06	0.009307600098043167	0.0004943150949621611	0.002851795851893257
2:Del:R:3	7.551110099122127e-05	6.430540011592712e-09	8.213111613031287e-09	0.0001370670055777623	1.034597568150275e-06	0.00012170093164058926	0.0006058626816585644	9.225671419699211e-07	2.2353540089170566e-06	0.0006900276032695274	0.0004436025233644614	4.297665145713836e-05	4.4691755647363606e-07	0.0014213251415640116	0.0	2.0020635247419704e-07	0.004089353321802491	4.5955057714763825e-07	0.001197340930195878
2:Del:R:4	1.624773595665374e-08	0.00012395368147650744	0.0	0.00017031393266080385	0.0	4.463492899731136e-08	7.384269849808334e-07	5.194857806145592e-08	1.0045957523630023e-07	7.491358360312006e-08	0.0003774759210500633	0.00030766394193051385	8.801440571915009e-08	2.3864755327451804e-08	0.00015136217843974008	0.0	9.321588501194355e-05	0.000406830266695124	0.0008515521419884236
2:Del:R:5	1.5005684019797628e-07	1.4696074153164317e-07	4.2653416443272364e-08	2.849715798447505e-07	7.669281671951467e-08	3.1177447681329793e-07	1.9738695797855143e-07	3.680958542418011e-08	3.992658943019478e-07	2.838989129541961e-07	0.0006308381880330671	0.0003730690940074055	8.132602317800775e-07	1.2409333578489167e-07	2.0745855806580947e-07	1.8494957032544335e-07	7.224797570870578e-07	0.0002563366617341245	0.00017395322365132415
3:Del:R:0	0.00028075155379099216	0.012160726660306409	0.001224116997980218	3.739139344816067e-08	0.03293030411609408	0.0006690673820912707	6.904337988089537e-05	6.65398965793429e-07	0.0026546302220367577	5.6051938572992686e-46	0.0024249961273199007	2.3103089574760814e-08	1.8875132354878587e-07	0.006771903166946913	0.02752521053921555	0.39664570093154905	0.0015901478966583228	0.04481816885468106	9.462355308187397e-08
3:Del:R:1	0.0028464058297686277	0.0	0.0	0.003277291136328131	0.002546836296096444	0.0	0.013416573824360966	0.00228831521817483	0.0007738228421658277	0.00014404418179765345	0.0013418932445347308	0.0006373105105012655	0.003953875973820686	0.01139515838585794	0.003141951188445091	0.0008749578148126603	0.00827782389242202	0.001696743443608284	0.00903751808218658
3:Del:R:2	0.0002927642349430215	0.00023036440814223625	1.38443552799572e-06	0.0005775483897650701	0.0018850942607969046	1.261134812580167e-07	0.0009149285283484687	0.0	0.007590145925401082	0.001749352621845901	1.897219135571504e-07	0.0	0.001570281753500069	0.004925346515906881	0.0032703649079167006	0.0030681824888688426	0.009931404270651001	0.0009233271746381888	0.001741819829531721
3:Del:R:3	0.0002081494687814711	1.246809233634849e-08	1.1162205385062408e-05	0.00013175703490801992	0.00015372316534190134	1.4893736874910246e-07	0.001355070173826789	0.0	0.0004969424568116665	0.0009238301015727756	6.305704403075651e-08	6.444338964683994e-08	0.00030383539851754906	2.6630500116198165e-08	1.307240381720476e-07	3.8427474464697297e-07	0.0031620821343807393	0.00025502432098107876	0.0005915030177625624
3:Del:R:4	2.6845418403809164e-07	4.2106208297809644e-07	1.3102525073804827e-07	3.9554765578486696e-07	2.0436543906043881e-07	5.571909696300281e-07	6.473609602153374e-07	9.830917235831294e-09	2.404297696045887e-07	1.1453158711679026e-07	7.384587092928996e-07	3.291832570084807e-07	9.225300857451657e-07	1.7582212592515133e-07	3.944569392899666e-07	3.103695441097898e-07	7.238269347453752e-07	5.653586477194494e-07	2.458903345825547e-07
3:Del:R:5	2.892405717602742e-07	2.896337035096508e-07	7.912983477353918e-08	7.714630533257605e-05	1.2813472096695478e-07	4.5019669983048514e-07	4.949837091317022e-07	4.598445570991316e-08	2.2701771094091327e-07	8.669030364671926e-08	0.00028799199893683183	2.887860148348409e-07	7.603224219110416e-07	1.9145840610690356e-07	2.681676416926848e-07	3.298845687282892e-07	9.369011839908126e-05	0.00063386149277882	2.0311767841008076e-07
4:Del:R:0	2.478401128769292e-09	1.903322370822025e-08	0.0	1.1640246810884492e-08	0.0006610754178836941	0.0014538020578385158	0.002957021095789969	0.004210924147628248	0.00037237091455608604	1.4012984643248171e-46	0.0074821920599788426	0.004449039977043867	0.004212452134675004	0.00048535983078181746	0.0009871490473800648	0.0	2.7175724972039462e-05	0.0033622402232140304	0.000921249866951257
4:Del:R:1	3.33186355021553e-05	0.0	0.00018924103351309897	0.0	0.0	5.5551776370066364e-05	0.015179078374058009	0.015220787038560956	0.0019118498070383795	0.0016637002231988164	0.0060461977904196825	0.0	0.0021963435829775333	0.002430507936514914	0.0001417409162968397	6.447097402997314e-05	0.007426530292104871	0.002564631123095751	0.006378582038450986
4:Del:R:2	9.23250418338739e-09	2.7143579427502117e-05	6.98080353757291e-05	0.0006089426638069995	4.893645382253453e-08	0.0008919828494981629	0.00022730689670424908	0.0005002069869078696	0.0008713079208519048	0.0007280074649770541	0.0	2.1283602791299926e-08	0.0005162114669417406	1.5657718179795666e-07	0.0	0.000738070481389741	2.3023600590477144e-07	0.0	0.00012045018374919891
4:Del:R:3	2.684541797748352e-07	4.210620772937546e-07	1.3102523581665083e-07	3.9554766217975157e-07	2.043654347971824e-07	5.571909611035153e-07	6.473609744261921e-07	9.830915814745821e-09	2.4042976605187504e-07	1.1453158601550106e-07	7.384587007663867e-07	3.2918324990305334e-07	9.225301141668752e-07	1.7582213800437786e-07	3.9445691228934266e-07	3.103695441097898e-07	7.238269574827427e-07	5.653586647724751e-07	2.4589034381961027e-07
4:Del:R:4	2.684541769326643e-07	4.210620943467802e-07	1.310252471853346e-07	3.955476444161832e-07	2.0436542627066956e-07	5.571909980517375e-07	6.473609971635596e-07	9.830917235831294e-09	2.404297788416443e-07	1.1453157785293322e-07	7.384587235037543e-07	3.2918323142894226e-07	9.225300942716786e-07	1.7582212663569408e-07	3.9445686894623577e-07	3.103695405570761e-07	7.238268885600973e-07	5.653586420351075e-07	2.458903367141829e-07
4:Del:R:5	1.738009544283159e-07	5.0134251131339626e-05	0.07030904929420104	9.524121971082878e-08	4.502151398355636e-08	0.03216871616568824	1.941446043929318e-07	7.051199329310975e-07	0.001142515538015232	0.7452199175953865	1.7589957224117825e-07	2.3125854049510507e-07	6.309348691502237e-07	2.6921615585706605e-07	1.3433907497528708e-06	3.8623979321528167e-07	0.049014761591169534	0.00035004562232643366	0.001100976440835666
5:Del:R:0	0.0002994611377687306	3.967706732055376e-08	0.0008621706290221076	2.4788079144855146e-08	0.0	8.289863671961939e-07	2.1482862848642982e-07	1.4012984643248171e-46	0.00013258500348456437	0.004385080081777915	0.026468734038371623	0.6154573738574982	0.008090128004550935	0.01607903438489302	0.03248621970415115	0.021270880847896478	4.0963829519569115e-07	0.2169406296685338	4.617934754946873e-06
5:Del:R:1	3.631725533637109e-08	2.144025046391107e-08	5.936265306871747e-07	0.00279481234697414	9.206443473885884e-05	7.319881115108728e-05	0.0007351570206139968	0.0002996662168698094	0.0025290518428164434	0.0006803142234275584	1.6907848277014637e-08	7.59969047692266e-08	0.0032470525009557607	3.330557083245367e-05	0.00040010507650549697	0.0011290812864899636	3.693179337460606e-07	0.0008903997243677964	0.00029430987698901844
5:Del:R:2	5.384663275265211e-08	3.41492160771395e-08	6.392890128381623e-09	0.00042537968688520776	0.0001712585041803827	1.2438085832400249e-07	0.0009814247857974578	1.8102463172908757e-08	0.0001388625125400722	1.0733829327591594e-07	0.00039061442489867203	0.000766490275739784	9.113183097042565e-09	9.052250534296036e-05	0.0004692282031072637	1.591765794728417e-07	0.0	0.0011507429279845383	0.0006369196809828282
5:Del:R:3	2.6845418830134806e-07	4.210620858202674e-07	1.3102524434316365e-07	3.9554765933758064e-07	2.0436543763935332e-07	5.571909696300281e-07	6.473609914792178e-07	9.830922209630444e-09	2.404297735125738e-07	1.1453158390061294e-07	7.384587206615833e-07	3.2918323569219863e-07	9.22530071534311e-07	1.7582210034561286e-07	3.9445687249894945e-07	3.103695465966894e-07	7.238269070342085e-07	5.653586910625563e-07	2.4589031681898633e-07
5:Del:R:4	2.68454191143519e-07	4.210620943467802e-07	1.3102524079044998e-07	3.955476522321533e-07	2.0436543763935332e-07	5.571909696300281e-07	6.47360980110534e-07	9.830917235831294e-09	2.404297699598601e-07	1.1453158173559131e-07	7.384587178194124e-07	3.291832442187115e-07	9.225300914295076e-07	1.7582212450406586e-07	3.944569265001974e-07	3.103695647155291e-07	7.238269184028923e-07	5.653586459430926e-07	2.4589032747712737e-07
5:Del:R:5	2.684541897224335e-07	4.210620886624383e-07	1.3102524221153544e-07	3.955476486794396e-07	2.043654291128405e-07	5.571909809987119e-07	6.473609772683631e-07	9.830922209630444e-09	2.404297742231165e-07	1.1453158213735326e-07	7.384586695025064e-07	3.2918323142894226e-07	9.225300800608239e-07	1.758221287673223e-07	3.944568987890307e-07	3.103695377149052e-07	7.238268707965289e-07	5.653586619303041e-07	2.4589036158317866e-07
2:Ins:R:0	8.147402610347854e-07	8.796671409072588e-08	5.744092027271291e-06	0.00010059186752187088	1.1210387714598537e-45	0.7663682341575623	8.769892303917004e-07	1.6122986608024802e-07	7.628119469416106e-10	0.0334101078747608	1.560251889520803e-07	1.22197265000068e-06	0.001142034578390394	0.00375837238063923	0.0026469707534630517	4.0594334222987526e-07	0.035499948025966434	0.01614793927699907	1.3043818995583934e-06
2:Ins:R:1	0.00012665348918119434	5.748225428980902e-09	2.5230964340039462e-08	0.000735042199697844	0.0008343124529346824	0.0003376004355544637	0.007412843041680617	0.0015394896356156096	0.006428169156424701	3.6345554690342394e-07	0.0011552089740007431	0.0011652216177481024	0.00013390746373715957	0.0017253715079277754	0.00021620241459459067	0.0	1.8393810591987858e-06	0.0008725504027097486	0.0032535069156438114
2:Ins:R:2	2.147216520143047e-08	0.00010201873019681784	0.0005952846540196788	0.0005673904727700573	4.383034593047341e-08	3.802154864729346e-07	0.0004296901401630748	0.0001840198296122253	0.000793330546002835	0.0	5.303458721073184e-08	2.858750747236627e-08	0.0016374426292216527	0.0013486515980360991	2.8307457000664726e-08	5.018613933316374e-08	0.003394529462414653	3.3826190701802263e-07	0.0025449502586639026
2:Ins:R:3	0.0002697122493245274	0.0	0.0	0.00039316053419042875	0.0	4.637185639921881e-08	1.0733945288166069e-08	0.0004699151630603637	0.00011360496614543081	0.0002670699658573028	0.00020465170964598656	3.2666423521732216e-08	2.3618929390067933e-07	0.0035687561691020164	2.3464232157266452e-08	0.0019493460532075345	0.0015733235981315375	0.0011982751279447257	0.00012580878919834503
2:Ins:R:4	0.0005416658296375943	9.03503989446719e-06	0.0	0.0007079540836656406	0.0017058287281543016	2.1245934362923434e-07	0.00048665622971668656	0.00044597027263080233	0.0006867844029329717	0.0005433432292193174	5.4733908427806453e-08	0.0	0.00020638881129002583	0.0015040856786072254	2.8287038844609923e-08	0.0035473046795232222	0.010635727038607	0.0020183193770890286	0.0027479176642373204
2:Ins:R:5	0.0013288368185953915	1.3350448412552397e-06	4.094122516562493e-08	0.007402852150630679	0.0	7.006492321624085e-46	0.0	5.939619612149726e-07	0.004012122610583901	0.001261328785767546	0.0015852778621933794	2.7436750315246173e-06	0.006925567375537867	0.0338607800193131	1.501305659985519e-05	0.019908466818731086	0.1467828582972288	0.010525618959218264	0.050648237392306325
3:Ins:R:0	0.0002339725342991983	6.3232411662284e-08	0.00021883673859974807	0.00015051232476253061	0.0	4.081733351313233e-09	1.4560209855574157e-07	0.0	0.0007266532629728317	0.0	1.5777371800140827e-07	1.1529776884344756e-07	3.0511715891634595e-07	0.0008161809273872223	0.0005775851033376966	0.0016727566020563246	2.4165096874639857e-07	1.4034620789971087e-07	0.0005567415736891235
3:Ins:R:1	0.0	3.064390912186354e-05	1.189994000014849e-05	0.000745083039163319	0.0012548265047371387	0.0	0.0024022126027375633	0.0006223320960998535	0.0009467084659263491	0.0006894843316558763	0.004528015517280437	0.0007128212600946426	0.0026620657357852907	0.0006031069904565811	0.0037922591675041417	0.0007207482984711078	0.0006635096596482981	0.002804176812060177	0.0014947920064287245
3:Ins:R:2	1.20468085285097e-08	0.931497460603714	7.915011565273744e-07	1.6082706650890305e-07	8.563752089685295e-07	7.307770147235741e-07	2.8025969286496343e-46	1.0162524404222495e-07	0.0019855355822301136	4.870620387009694e-08	2.2286891407929942e-07	2.375947076416196e-07	3.25627100892234e-06	1.3683072417336462e-06	0.2446553207066245	2.3240545147018565e-05	0.003955768189723585	0.03143484893363393	1.3367779843065364e-06
3:Ins:R:3	2.1720390961377233e-07	1.7156022185105259e-07	6.163737733544395e-08	0.00024057523826002126	1.0524027729275077e-07	1.953391219444711e-07	3.962923017297726e-07	1.0606109590582947e-08	1.6819038819448907e-07	4.201770682571264e-07	3.320615505231217e-07	1.1568541680162525e-07	3.6939952394732247e-07	0.00011521806594814166	1.8668080201678094e-07	2.7251923029325553e-07	2.64772914704281e-07	2.237789644254917e-07	9.643030693951004e-08
3:Ins:R:4	2.684541875908053e-07	4.210620801359255e-07	1.3102525784347562e-07	3.955476486794396e-07	2.0436545753454993e-07	5.571909298396349e-07	6.473610142165853e-07	9.830917235831294e-09	2.4042974473559297e-07	1.1453158352799434e-07	7.38458686555532e-07	3.291832342711132e-07	9.225301113247042e-07	1.7582211953026672e-07	3.9445690163120163e-07	3.1036953025420643e-07	7.238269368770033e-07	5.653586853782145e-07	2.4589034239852483e-07
3:Ins:R:5	0.0008201358005969439	7.685917751132365e-08	0.0	0.0006850243801352462	0.0	0.0	0.00045640410875193995	0.00018452894873917104	2.218441608192734e-08	0.0	3.066319607114565e-07	0.0014246280235283848	0.0009259284775453124	0.0031338666449300945	0.0002823453768996842	0.0005210200790315867	0.0	0.002907340880483389	0.001427392955866935
4:Ins:R:0	1.5875103116513855e-07	8.804820019747695e-08	4.579967374240823e-08	0.00038702410753330694	5.3283702072803865e-08	1.4160675902985532e-07	0.0007375118866633556	7.33294875374213e-05	3.079277256290425e-07	6.12066969551961e-08	0.00183329690770222	2.578340172476601e-08	0.0001987315912174381	0.0021584606015892403	1.4481034043001274e-07	2.9418415863347037e-07	4.7098709217152645e-07	0.0007115431959675789	0.00024181089482199213
4:Ins:R:1	0.00035621445247357997	7.716899830256808e-09	0.0	0.000356668366816848	0.0	2.9904223629273476e-05	8.980808779597282e-05	0.0007692801067605614	0.0001345344237051904	0.00034335870295763014	0.0011735997637458695	0.0	0.0	0.0016861862502992153	0.0	0.002510359394364059	0.0026285702479071915	0.0017449285369366407	0.0013778451131656766
4:Ins:R:2	1.292679328912527e-07	2.2616914776563136e-07	5.149836823648002e-08	2.472661542185506e-07	1.976220460164768e-07	3.149685056769158e-07	4.4217661638867866e-07	2.8025969286496343e-46	1.7852733051881843e-07	0.0009322992653807205	3.236121600025399e-07	3.9585214892667866e-07	4.225477383101861e-07	4.895044092734224e-07	2.2539714166214254e-07	2.463156228316166e-07	0.00029143136612006513	5.611258927729068e-07	3.172300715448273e-07
4:Ins:R:3	0.0	7.596689133073652e-05	0.0	3.807401563982182e-05	0.0006099398247897625	0.002237490402944786	0.0009661206044256687	0.0	0.0017121021205795729	0.0002301648028605996	0.0018070062722969737	1.1447446865986421e-07	0.002398210436397363	0.00038924234527115686	0.0004862667876295745	0.0	0.002397345361379166	0.00017427008977790592	0.00011882347753271461
4:Ins:R:4	1.7544205661579325e-07	7.709012095347134e-08	0.0	2.3743227046679748e-07	6.203308799967999e-08	0.0008024353770053949	4.90414477980039e-05	0.0003538850922268466	1.516397389877966e-07	3.497192437862395e-08	3.809584853797787e-07	1.487301361180471e-07	1.5242505853052534e-07	0.00012298734536670964	3.397744912092548e-08	3.6638530076515963e-07	3.5228962942568384e-05	1.2884796802836717e-07	0.0003004348528222067
4:Ins:R:5	3.45490263953252e-07	0.0	0.00011670065987345879	0.0006684631246145045	3.527510585854543e-08	0.0002955258969336683	0.002305201142826263	0.0	0.0	0.001111469347961247	2.439927811792586e-07	4.144064646993684e-09	0.0	0.006310131136221031	0.0002709151788167219	0.0010702257314392227	0.0026270840777442572	0.004210650302763952	0.0052902120761586955
5:Ins:R:0	4.738921694169562e-07	0.00010351919007689503	1.3734287733768725e-07	6.266357530648747e-08	6.1954530394814356e-09	1.0074769676293727e-07	0.003334465545185594	0.0002127145056590507	0.00022134169366836432	4.514655529419542e-08	2.842415881332272e-07	6.552310765073344e-07	7.454430487996433e-07	0.0002779698297160849	0.0008923354457834876	0.00018031810598699848	9.392687303488855e-08	2.0250214447514736e-07	8.506971241359907e-05
5:Ins:R:1	0.0004192141938140992	0.0	0.0	0.00030047567561268805	0.0012055205821525305	2.842539572611713e-07	0.00353561972733587	0.0006826373650937967	0.0024964073458249914	9.211750693793874e-07	0.013390546433890904	0.00088731674477458	1.2927725038025527e-06	0.004788231570273638	0.00217305390760032	0.002529451157897711	0.0003834014372984029	0.017314296217955417	6.890751537866891e-05
5:Ins:R:2	7.427401417885449e-05	1.8623239839143935e-08	3.045998454354049e-07	8.590728128865521e-09	0.00019589958526182726	1.5853560419998303e-07	4.53341328920942e-08	6.593636214802246e-09	0.0001822463164955934	0.0002751502606173517	1.6908077213884098e-07	2.221742391839143e-07	4.9326164759255774e-05	0.0009966269722781363	0.00024584628000070554	0.002988371649144028	0.00020224449399393053	0.0010563159930541133	0.0002116348536006285
5:Ins:R:3	0.00031434755765502587	1.8926929470808318e-06	3.0297268693857404e-08	7.797513248419819e-08	0.0006123845115595828	1.3079122904713358e-07	2.9416852953545458e-08	0.0	1.6527327204585162e-07	1.8899323777077371e-07	0.00014166216784872177	1.3317455227479513e-07	0.0004191454778549542	0.0003126863093399379	0.00014478243516578005	2.977602377995936e-08	6.491818851372955e-07	4.90971494571113e-09	1.5516457665398776e-07
5:Ins:R:4	7.02452031801748e-05	2.313679289045467e-07	5.525314747956145e-08	8.174128183213724e-08	0.0005932949017733336	2.7373567093036397e-07	0.0003640788801199335	5.434622501354624e-07	3.36898103583394e-06	6.33293382179545e-08	1.7669843082046556e-07	8.486389404538386e-08	0.00018178922484253236	0.00039607244393948806	6.989054384121118e-07	0.0007428380604380891	1.4554157132806722e-07	0.000819770150661725	9.456966978405035e-08
5:Ins:R:5	0.00012210687403069187	9.906687949978732e-08	1.5070284575813275e-08	2.751203354023346e-07	3.604995482575646e-07	5.548815451561495e-07	2.764242708508391e-07	7.300954152356098e-08	2.898433649534127e-07	0.00018084575219745602	2.7014343402242956e-07	2.2181379648600342e-07	1.3155265179420895e-07	0.000942729553239019	4.364172170312486e-07	4.0102653429130444e-07	0.0020038932353870107	0.00020775341283254533	0.0016350952224726712
2:Del:M:1	0.00010356805214541964	0.0005326706916093827	0.0	0.0	0.006886463554110378	0.0006366458232093918	0.010534972976893186	0.0034495272874664807	0.0017826934461481869	0.006600665021687746	0.010045212286058813	0.0008506685728207231	0.011369164939969778	0.002149028843268752	0.003110464138444513	0.012288175383582711	0.0018435991369187832	0.007661551726050675	0.0015771716833114624
3:Del:M:1	0.0	0.0002243753935715631	0.0	4.20056508687594e-08	0.0008634843057507169	5.8851168205364954e-08	0.0020133727527422707	0.0015454481355845929	0.0032150794231483814	1.4012984643248171e-46	0.02062711555322494	0.006630688325094525	0.004146828400280356	0.0008205021832509374	0.001969343377277255	0.0	0.0010543678245369392	0.013149249367415905	0.0009821067156735807
3:Del:M:2	0.002134916215436533	0.0007395642809569835	0.006641166080953553	0.0014904373491901879	0.00016408712835982441	0.05021202340722084	0.0	0.00020704413764178754	0.00043091836851090194	0.05211010370403528	0.0008105445886030793	0.002555406071496691	0.0011723946779966354	0.0025892642326653	0.002916234452277422	0.014718531537801028	0.02078581224195659	0.005115454085171223	0.0015886282606516033
4:Del:M:1	0.0	0.0	0.00012567266821861267	0.00030264665838330984	0.00138903739862144	3.371189586687251e-06	2.2976697437115946e-06	0.003001437665056983	0.0002737097741430716	5.040629548602737e-06	0.015606348775327206	0.0014347479755087988	0.0020943848983733917	0.00046579521149396895	0.0020909341052174567	5.1854283356078665e-08	1.0045084053444952e-08	0.011340621206909419	0.004435982785241777
4:Del:M:2	0.00013220809632912277	8.032389355321357e-05	4.7417987877906854e-05	0.00011686258718910381	0.001421437129761216	0.0002488598544857723	0.004863912984728813	0.004656456977681955	0.0014779242606891784	0.0003404039889574051	0.0001631486277346994	0.0001571011802298017	0.0009104758501052856	0.004295065917540341	0.0	0.0018576680065734764	0.004302287195446297	0.0002968630520626903	0.00189839863578527
4:Del:M:3	0.0005548358934412079	0.023712687184411153	2.0003081147024204e-08	1.53778347566913e-07	0.03726884831472717	0.0	0.00010402449406683445	1.4012984643248171e-46	0.0004254932339790685	0.0028182187486095246	0.0	0.01736909548090182	0.00011132358484644556	0.00782776679442918	0.2827934376895428	0.03349517248570919	0.00033631979448784933	0.005691656808983226	0.007347788038444492
5:Del:M:1	6.652804472651042e-07	4.962338863379045e-07	6.277605848481472e-08	0.002271892516284879	1.4012984643248171e-46	8.335663892466982e-08	0.009591233292860579	0.0	6.799901427712029e-07	1.3299811598699308e-07	0.5487588614225387	0.0372076850928579	0.02830502986907959	0.054880932748642405	2.753313196990348e-07	0.016049622085620285	1.356316715828143e-06	0.2562165625102352	0.027374386695896646
5:Del:M:2	4.7273447080442565e-05	4.948258265358163e-08	1.8153210135096744e-08	0.00037736488809940737	4.119227696719463e-08	8.625332270639774e-08	0.044035138744152394	3.183734963840834e-06	1.883538686797692e-07	0.0	0.07774718905839109	0.21124797369263887	1.9811616311926627e-07	0.003726043162635051	6.674954875052209e-07	3.0383196190086894e-07	1.0583014500298305e-07	0.010712826078906801	0.10258059872461729
5:Del:M:3	0.0	0.0	2.700497248042666e-08	4.437557945493609e-05	1.5455477114301176e-05	0.0	0.021947263833135368	0.0026517041958868505	0.0002655787160620093	0.0020932281005570986	0.07858213856816292	0.0069760348458203225	0.0010290175676345825	0.017412616102956236	0.006457657083845447	2.0315355504862966e-05	4.853237442148383e-07	0.023104841820895672	0.0029138356869452763
5:Del:M:4	0.0001856098882853985	9.435743790930928e-05	0.0	0.0007575096830819916	5.6051938572992686e-46	0.0	0.0024072115311810196	0.0	1.8007537619268987e-06	0.0	0.010095100955504676	0.016591490339487792	1.1385847074052435e-07	0.0007310164215027726	0.0006104419277107809	0.002603293236711579	2.864145358216774e-07	0.024151132348924874	0.009104699628005619
5:Del:M:5	2.3494351069075493e-07	1.2171710324082595e-07	4.173191816789767e-05	7.964577180317179e-05	3.553200031092274e-07	9.580339792591985e-08	0.0	0.0	0.005116117444515567	1.348231453448534e-05	0.026784742233576252	0.0	0.0007662789381811308	0.0030212070792913436	0.007647939259186387	0.005525997063637078	0.006801863476309888	0.014034988358616829	0.003801161050796509
