Samples	ID83A	ID83B	ID83C	ID83D	ID83E	ID83F	ID83G	ID83H	ID83I
X01b0848c.ae36.4ade.a3da.d297b003c99f..Panc.AdenoCA..DO51493	91	425	0	1135	152	44	500	0	2
X02c97e2b.914e.4afc.bf50.78f0cfbfa67b..Panc.AdenoCA..DO35184	0	61	49	13	41	13	31	22	4
X02e5c36f.5bec.45e2.a048.875653b85ca1..Panc.AdenoCA..DO34616	68	185	189	15	0	36	31	51	1
X03c3c692.8a86.4843.85ae.e045f0fa6f88..Panc.AdenoCA..DO32831	237	293	0	465	250	26	164	71	0
X046d7386.95c8.4501.9e55.c85bec272a7a..Panc.AdenoCA..DO34432	0	94	1	2	144	2	75	56	1
X05070acd.3ec1.44bb.9c32.26d3a483a72a..Panc.AdenoCA..DO32860	140	157	51	12	96	54	5	25	0
X0554ffe5.31f7.43f5.8372.2b73c9cf3527..Panc.AdenoCA..DO49076	4	300	159	16	0	35	15	30	0
X079bcb09.a075.4313.9a3e.dd67734a8c5d..Panc.AdenoCA..DO221540	88	405	122	14	115	24	73	7	35
X0972bfcf.c6c6.48cc.b820.cdfa6279a4f3..Panc.AdenoCA..DO51467	114	82	66	15	4	134	94	75	33
X09cb8bc5.13ac.44ac.9b7d.6de143373570..Panc.AdenoCA..DO51524	155	91	204	31	0	71	13	65	81
X09e1fe3e.bfd8.4175.ac42.0e1bf0ba5523..Panc.AdenoCA..DO51500	157	320	220	20	0	27	0	48	19
X0b29c893.03bf.4131.b192.c14a2788d411..Panc.AdenoCA..DO49418	554	207	147	24	119	256	88	36	7
X0cf9bbc2.cbd5.4b64.8d90.cfa416307b39..Panc.AdenoCA..DO33488	92	179	118	25	12	43	160	8	7
X0efee3f3.313b.44eb.b3b0.af975a1ded82..Panc.AdenoCA..DO49442	5	111	71	19	0	33	63	61	0
X0fbd94b1.bb34.4620.841b.861a0b5e0c12..Panc.AdenoCA..DO49087	78	98	210	25	0	24	61	31	7
X0fc63b79.7fff.441d.88fc.922d53c787ab..Panc.AdenoCA..DO51535	10	49	64	7	42	8	72	33	18
X1168944c.5451.4a18.8758.88bf5723bdd9..Panc.AdenoCA..DO34680	23	93	0	691	100	96	166	0	0
X129459c1.38be.45da.bb87.18848c97c544..Panc.AdenoCA..DO51536	9	206	110	6	79	56	57	37	15
X12f038e1.00af.4c64.a2e0.9e63323492ef..Panc.AdenoCA..DO33512	79	196	0	25	131	18	173	19	0
X1327bbd4.a466.4e26.905f.cf91315f1cc8..Panc.AdenoCA..DO49422	45	144	0	18	85	31	39	20	5
X1447c8cb.25d4.4092.8919.4df08f898d2d..Panc.AdenoCA..DO32984	165	233	152	9	0	32	24	15	0
X170ad241.9e24.469b.b7ca.3fd783a89b21..Panc.AdenoCA..DO49430	158	226	143	21	86	68	15	36	13
X1776f326.b12f.4355.8107.80fa6fcd2159..Panc.AdenoCA..DO51513	6	65	0	8	74	25	74	57	0
X183b04f5.107f.496c.8e9a.8263dd00cffa..Panc.AdenoCA..DO51491	335	533	0	28	341	61	120	57	0
X1a0ef226.41a5.4b56.9078.4b7834f0c976..Panc.AdenoCA..DO35376	33	204	0	15	103	21	17	47	62
X1a841850.fca0.48ab.8c78.db0bd5a64435..Panc.AdenoCA..DO33344	383	453	16	6	171	63	125	86	0
X1ac54c6e.a1e4.4f3b.b4a5.cdb327e0dca6..Panc.AdenoCA..DO34817	38	239	141	7	0	67	23	27	0
X1b0fe1d5.b286.4f49.ae92.94d9c6db9657..Panc.AdenoCA..DO35230	161	167	0	14	64	55	59	27	33
X1c28e44a.6e6c.44ed.b58a.e3262c0e6759..Panc.AdenoCA..DO51544	94	164	2	9	0	33	99	36	18
X1c9fbe26.1447.4335.aaab.06d6bb3e2741..Panc.AdenoCA..DO49078	33	36	0	11	106	19	61	55	0
X1e181878.c640.4e91.a620.3fc4b08a4de1..Panc.AdenoCA..DO33008	38	144	96	464	0	8	2	113	0
X1f81a1b0.8089.44ef.87b5.b3359a407ad2..Panc.AdenoCA..DO33128	0	0	91	9	33	10	7	52	7
X20d1b88b.3ff6.4201.a748.6a993500c652..Panc.AdenoCA..DO32972	0	30	55	6	70	7	15	30	4
X2102558b.87b0.447b.bb9a.e4ae9df8b75e..Panc.AdenoCA..DO33032	324	233	178	10	17	46	0	36	0
X21b1a37f.e91e.4ce1.83cf.bb89b8d0fb35..Panc.AdenoCA..DO33028	0	77	190	12	57	24	0	43	0
X228fb827.c05e.494c.8a21.e1d925e100cb..Panc.AdenoCA..DO51537	193	256	39	0	0	43	60	69	0
X230f53ef.be3f.495e.9b95.b0f670bd6908..Panc.AdenoCA..DO51508	0	13	0	2	3	11	4	0	21
X241abdfd.e6de.4830.a233.4bbc5f622725..Panc.AdenoCA..DO49138	113	307	0	30	244	57	65	44	0
X2564a262.03e8.467b.9ea2.f3ab38d75ae1..Panc.AdenoCA..DO49457	238	590	0	4	165	55	6	29	0
X25c32aca.6738.43ef.a103.243f2f9a3b43..Panc.AdenoCA..DO51492	75	66	94	7	0	26	49	17	6
X25cf7449.8c5b.403e.aa75.e2af158598e8..Panc.AdenoCA..DO33208	60	105	0	11	87	19	55	46	0
X28f41a20.b6d6.4ecc.888f.72f779ad9af7..Panc.AdenoCA..DO49442	5	159	163	28	0	28	43	28	58
X29a00d78.b9bb.4c6b.b142.d5b8bfa63455..Panc.AdenoCA..DO35144	104	208	0	8	118	9	39	47	0
X2b3837b3.ee29.4a08.848e.1206404da986..Panc.AdenoCA..DO49448	38	164	0	12	113	11	64	35	0
X2b6d4d66.7f0b.4bc0.b3d6.171956a937c5..Panc.AdenoCA..DO49166	30	82	0	3	84	6	60	20	3
X2bd9ccca.3fae.4b66.a762.6f30d6276222..Panc.AdenoCA..DO35152	108	346	67	22	182	46	4	18	4
X2bf5b018.9f19.4fbd.9e1f.7d958aabe5d1..Panc.AdenoCA..DO51489	0	0	84	80	74	21	205	103	18
X2c48eefe.2a08.47bf.8e4d.cbaab6777150..Panc.AdenoCA..DO35222	0	93	37	0	36	13	23	29	13
X2e43e0ca.54ea.482e.acf2.0048d9187a5c..Panc.AdenoCA..DO35258	88	152	15	16	170	24	56	33	0
X2fdfb06c.0d2f.4e1d.9756.bcb08a7f90af..Panc.AdenoCA..DO221546	22	52	22	33	108	25	91	18	26
X31c75873.abb4.4d88.9e2f.07497a6c892d..Panc.AdenoCA..DO35082	54	199	5	37	317	35	180	42	51
X32fa6457.c8bd.4d26.8106.925baf13df68..Panc.AdenoCA..DO51518	164	356	185	10	0	28	23	23	0
X33061bf5.9b99.4735.a810.f2d5eeef6873..Panc.AdenoCA..DO33392	41	120	47	36	43	33	27	26	0
X33070975.0f35.4518.9ffb.4c6170c32534..Panc.AdenoCA..DO33160	79	70	134	15	109	2	16	38	0
X33bcd589.80db.4a58.8f83.a48cb60e0fda..Panc.AdenoCA..DO35148	9	0	77	9	0	0	27	41	0
X368e592d.260c.4f58.81c4.a9f1e6177a4b..Panc.AdenoCA..DO51549	11	44	111	0	179	81	6	31	46
X3933c60d.73d6.4f74.ae02.fd545fc1f092..Panc.AdenoCA..DO51541	15	93	0	45	122	20	163	45	18
X39c6c3b3.4683.4d11.984c.ed589188da65..Panc.AdenoCA..DO51527	115	577	0	28	150	58	171	53	71
X39d38c06.3779.4ca4.b103.1d096f93dae8..Panc.AdenoCA..DO51532	68	154	96	13	39	30	30	28	28
X3b526846.72d6.4e10.b7cd.8cdb45a92a1c..Panc.AdenoCA..DO34736	138	309	265	498	0	29	71	65	0
X3bfbc33d.804b.4bb3.97ac.97563d77b13d..Panc.AdenoCA..DO33376	95	186	253	17	0	23	0	0	0
X3c86ba21.7b11.4ec7.9d20.a2325197c676..Panc.AdenoCA..DO33042	23	10	182	12	95	17	0	53	0
X3e4d0e50.8cf4.4eb0.a00a.ccf0484ecc2f..Panc.AdenoCA..DO33984	42	155	44	28	36	9	3	56	0
X3ed783cf.2248.44a1.a2a2.d6b6519b91ef..Panc.AdenoCA..DO51495	52	121	0	146	15	8	86	148	0
X3fb8f017.576f.4901.b8bf.3a58e5d43de3..Panc.AdenoCA..DO35138	0	31	35	3	20	8	17	18	1
X3fba4880.cb7b.4ac5.ab5f.728614faa1ea..Panc.AdenoCA..DO49466	4	422	0	5	253	43	0	68	0
X40378b7a.a65d.4510.aaba.a34c4058fac7..Panc.AdenoCA..DO49424	155	209	253	37	0	29	32	24	0
X42f00950.09c9.461a.8423.d5b04a96af10..Panc.AdenoCA..DO51472	25	72	208	10	77	7	0	17	29
X441d2f21.b448.4fc8.8c54.9b85aca56237..Panc.AdenoCA..DO35126	170	157	89	12	67	56	20	23	10
X4652ae03.b096.42d0.bdfa.3f6281d4f023..Panc.AdenoCA..DO35236	104	179	180	25	145	21	96	22	24
X46e166fe.3b20.49ad.98db.42c854c61c93..Panc.AdenoCA..DO51470	147	79	130	5	0	14	17	31	30
X4a4e0397.8702.46ef.aaa8.3980f03a40bf..Panc.AdenoCA..DO51521	0	0	0	2	0	0	1	0	15
X4a88981e.e409.440f.9bf0.71ca1bab8b4e..Panc.AdenoCA..DO51534	65	269	93	0	25	34	39	36	31
X4aa7eabc.0419.4897.b7af.5dcccfd6ac2f..Panc.AdenoCA..DO51476	220	37	0	470	0	48	70	285	52
X4c027164.12de.456f.b933.6bc91f70b46f..Panc.AdenoCA..DO49478	81	104	206	6	0	17	25	61	2
X4c4aa1b1.fda3.4c5b.b588.68aa727500ad..Panc.AdenoCA..DO51543	99	284	0	10	74	43	86	55	58
X4cbe411b.b05e.46bd.bea8.126289a0866c..Panc.AdenoCA..DO49090	147	228	0	15	89	49	102	24	0
X4db9e471.0068.4ec6.9bcb.33ef5fdec33e..Panc.AdenoCA..DO32976	0	224	9	18	115	20	77	22	1
X51458c86.0fdd.470e.b059.1ffbffc92a7f..Panc.AdenoCA..DO34288	111	28	194	17	0	9	29	17	0
X5187e77d.f412.4303.8049.11d1aa1a0235..Panc.AdenoCA..DO49419	209	298	329	957	0	15	0	88	0
X5255d645.d3d2.422e.8449.046cd21f4935..Panc.AdenoCA..DO34809	113	0	196	34	0	29	90	29	0
X52f43b72.15ea.40a0.a3b4.4bf22bc0bf25..Panc.AdenoCA..DO49427	26	107	82	5	99	2	9	49	7
X53534b3c.cd15.4d68.a9b1.6902bb234c45..Panc.AdenoCA..DO33552	363	590	95	808	0	103	9	148	4
X536dedba.46c4.4a21.b112.13c030b13069..Panc.AdenoCA..DO35442	6523	393	0	0	0	312	503	0	20
X53e6a756.bdcc.4217.afe7.27d776159544..Panc.AdenoCA..DO35360	0	53	102	62	49	18	0	261	54
X54195db3.94a9.4538.8bb8.9953d936acd4..Panc.AdenoCA..DO221544	66	250	0	608	0	57	0	515	38
X541f91bd.7e9d.4348.9e78.45b948d8967e..Panc.AdenoCA..DO34961	49	323	121	45	0	16	118	70	0
X5650dc4e.8bce.4716.9199.cd5750d7a888..Panc.AdenoCA..DO35496	0	61	94	30	87	23	9	32	41
X569ff1b4.de87.4309.8484.80549aaf9485..Panc.AdenoCA..DO35200	0	0	50	6	19	0	13	2	4
X5b41e033.6df8.411e.a13b.59eeb8afbf9b..Panc.AdenoCA..DO33000	149	295	128	30	152	15	33	38	0
X5d9ff58c.5702.48fc.a66a.d1276327fd49..Panc.AdenoCA..DO51520	133	274	382	64	0	77	79	92	21
X5f94cb62.4019.47ff.bf6a.eeda8e9e033c..Panc.AdenoCA..DO49129	118	205	10	22	0	34	115	22	1
X60aff7a0.4960.4ed1.922b.3233ccbfdba1..Panc.AdenoCA..DO34336	0	166	21	7	121	35	47	29	0
X60c33e32.7e19.4e71.b075.a63fcf27e660..Panc.AdenoCA..DO49454	13	225	0	10	77	16	51	56	18
X60e78c80.41a5.456a.9a81.9007d18fd72c..Panc.AdenoCA..DO49137	87	158	284	27	0	32	0	49	0
X6297aa77.37a0.4f46.987b.32bd8653c0c2..Panc.AdenoCA..DO51490	80	152	157	28	0	49	7	30	27
X631ab9d0.5400.400c.b0bc.c3e576bcfe06..Panc.AdenoCA..DO49433	68	150	77	7	0	17	59	23	0
X644c669b.937b.4adc.81b9.6a1811cba9da..Panc.AdenoCA..DO49484	80	112	173	7	41	28	0	35	3
X654dba9f.cfe5.4121.97c7.868613cdef53..Panc.AdenoCA..DO33077	0	62	181	16	44	3	64	42	8
X65d2dbc3.a163.4696.b246.47a430e66572..Panc.AdenoCA..DO51514	349	189	140	22	82	40	14	39	47
X66290cc6.1f1f.4a0b.83d1.423952da4840..Panc.AdenoCA..DO49481	0	68	7	8	106	9	39	18	3
X6867811f.ac89.47da.b5dc.1270033c36e7..Panc.AdenoCA..DO49454	29	246	0	12	79	16	54	59	8
X68ba1105.569a.4209.9b45.0e2d64931806..Panc.AdenoCA..DO33152	206	229	170	17	0	41	13	33	4
X6ad44218.d34e.4126.bf56.1be2140cd3fb..Panc.AdenoCA..DO51484	30	197	78	15	43	61	0	42	40
X6b20f942.7b89.497c.8a2e.ccce74d20ca9..Panc.AdenoCA..DO49421	86	179	264	28	0	23	0	19	9
X6bdf00f6.670f.466e.87fb.e853e41f000e..Panc.AdenoCA..DO34504	22	62	0	44	20	0	28	201	2
X6fc0cb07.9713.4355.8543.f85d1c5505c2..Panc.AdenoCA..DO51529	335	546	366	34	85	41	0	0	59
X70dd8453.11d3.4105.a8d0.6a755c52495d..Panc.AdenoCA..DO51540	58	127	88	9	105	37	35	26	10
X71ef8379.03a0.4b81.92c9.1ba666fe4d7a..Panc.AdenoCA..DO49127	54	164	19	5	63	36	50	39	3
X7266ec7b.4824.4b88.910e.e9bfb848d55f..Panc.AdenoCA..DO35290	107	77	0	11	337	23	38	36	5
X72a5e569.99d4.47bc.be1b.6296a5025080..Panc.AdenoCA..DO33264	212	295	223	12	0	60	20	24	4
X72f82fbd.9838.4082.b605.bc3d80226f16..Panc.AdenoCA..DO35116	308	469	0	49	0	113	373	62	60
X73058c80.607e.4b55.b112.8f8f6775d014..Panc.AdenoCA..DO51479	35	57	130	12	0	13	56	19	0
X7410c00d.ed0b.48dc.a4bf.eb76ac613980..Panc.AdenoCA..DO33400	119	161	247	42	0	67	27	77	4
X748d3ff3.8699.4519.8e0f.26b6a0581bff..Panc.AdenoCA..DO32833	49	104	76	13	0	17	16	33	0
X754d26af.f184.497c.856a.cd1ea7a5115c..Panc.AdenoCA..DO51546	0	40	45	21	58	30	49	48	7
X75cd90ef.e884.4812.bbf3.5a524d95147e..Panc.AdenoCA..DO51481	60	82	161	14	0	18	0	34	43
X75fac59c.3346.4c5a.bb9f.fb67fec8d13b..Panc.AdenoCA..DO34264	30	161	151	4	0	54	48	32	0
X78100212.65aa.4365.8b64.4b33f77732d5..Panc.AdenoCA..DO49113	100	384	0	22	142	49	100	25	0
X78103d9b.0b8a.431e.bb58.5c99fbea12e4..Panc.AdenoCA..DO51474	8186	9494	0	1113	0	2702	210	119	210
X7981bbf3.dceb.4d89.900c.555967e97921..Panc.AdenoCA..DO35118	2	220	0	0	0	5247	0	0	0
X7b318282.5df4.42bc.b1e0.0e4a66ba9204..Panc.AdenoCA..DO34720	22	74	108	13	39	30	0	23	2
X7c43c006.d917.4915.b304.65995b6c0d46..Panc.AdenoCA..DO51522	53	73	0	29	194	10	59	25	32
X7cb71498.6ada.43c6.912b.bad4f93cf580..Panc.AdenoCA..DO34905	815	256	0	1070	224	32	0	101	0
X7ccb9a4d.6f48.41c2.a630.27fde8c67d60..Panc.AdenoCA..DO34696	56	223	65	25	49	23	51	67	10
X7ccee959.1e87.4a39.b6b3.840ddcb94995..Panc.AdenoCA..DO51510	93	225	80	705	0	36	59	191	36
X7d04f401.3505.410c.8def.0348ecd8aae2..Panc.AdenoCA..DO51542	129	119	81	11	77	17	50	29	2
X7d7fff91.3f69.4123.b514.140ed3d9cd66..Panc.AdenoCA..DO51488	5	18	19	0	0	2	16	44	25
X7ef9fd9b.d349.4ec3.ab4d.1a1d11c0204b..Panc.AdenoCA..DO35098	0	89	51	7	67	31	0	49	1
X7f42e118.aab6.438a.9e84.e7451fe12d7e..Panc.AdenoCA..DO33168	179	152	71	7	50	40	64	60	1
X7f5fd36f.6e30.45ca.92a5.d8a8a8ee1bc2..Panc.AdenoCA..DO51468	71	207	90	20	0	45	31	60	14
X7fcd8af9.4d73.4c97.95cc.b30b09f21bb2..Panc.AdenoCA..DO32893	0	59	16	5	109	0	42	34	1
X81bc7f0c.865d.4801.a935.2ab04170df53..Panc.AdenoCA..DO35350	77	229	0	1029	175	44	29	179	6
X8282283d.247a.431d.9421.0fcc52f0a897..Panc.AdenoCA..DO221541	137	0	222	1064	82	0	141	232	41
X8454fe53.869d.41c8.b0c8.a7929d00eec3..Panc.AdenoCA..DO32900	145	252	0	59	206	28	85	318	0
X84a6ea88.eeb8.4060.a90c.e4abac013ad4..Panc.AdenoCA..DO32980	59	0	0	289	0	204	78	35	0
X88bc38ba.ad1d.431e.a67e.0a5a23678386..Panc.AdenoCA..DO49181	71	51	209	22	0	16	0	21	0
X88d5a8b2.daba.45ce.90bf.480fac85bf1d..Panc.AdenoCA..DO49168	54	142	123	53	117	27	0	23	0
X89195d56.1ef2.41df.b200.9f18e38f574a..Panc.AdenoCA..DO51507	58	96	114	16	1	30	31	41	18
X8be6b14d.286a.471b.a282.ab98bc6050c3..Panc.AdenoCA..DO51506	49	378	104	13	93	26	18	36	0
X8c233a11.3b2e.4273.bbe1.b5a5f5a351d5..Panc.AdenoCA..DO51477	31	144	0	9	54	27	43	32	48
X8d67c121.37d0.4fc0.a349.2c9452589d65..Panc.AdenoCA..DO34793	160	187	97	16	0	27	38	37	0
X9011cf17.0783.4f9d.b355.4f0fc1a2e78b..Panc.AdenoCA..DO51501	38	190	7	16	81	16	80	22	0
X9078333d.73d3.496a.9fc3.a94353b7e107..Panc.AdenoCA..DO51499	80	180	0	12	0	32	81	17	33
X90b3c237.29a4.48b3.90b3.9f2c0ccb5928..Panc.AdenoCA..DO49193	15	139	0	13	218	10	42	56	5
X91b6fd6b.547a.47e4.8ecb.a6f1826ccfd3..Panc.AdenoCA..DO35216	0	0	37	5	35	19	13	24	0
X92dc0e0c.842f.40de.9c39.486b491ea80a..Panc.AdenoCA..DO33600	137	200	237	26	0	33	22	16	0
X94652d14.2e4d.4f4a.a4f7.8df77df788c0..Panc.AdenoCA..DO51498	27	219	33	10	176	6	5	49	0
X95cc9620.7686.4805.a96c.cf8e659847c3..Panc.AdenoCA..DO51515	43	145	226	22	0	36	0	84	31
X96ba50eb.3c12.41ad.ac7b.d23b2001fe44..Panc.AdenoCA..DO51469	37	78	2	68	521	6	63	53	0
X96cca60e.17dc.44c3.90f7.1b57b0e08e5f..Panc.AdenoCA..DO35228	49	59	155	16	57	11	0	49	0
X97c46ede.b280.4344.8dbb.e860c6472239..Panc.AdenoCA..DO51504	23	73	170	20	0	11	22	19	19
X9c399826.087f.44b9.98c0.bd881646b0f4..Panc.AdenoCA..DO33472	65	124	136	8	64	27	0	42	0
X9c857452.c81d.4b9e.87a8.5b41f4394f7c..Panc.AdenoCA..DO34608	0	66	0	11	78	6	62	42	0
X9df57388.7de1.4c90.910e.ef63a246dff1..Panc.AdenoCA..DO49172	88	213	0	12	121	20	33	61	1
X9ebac79d.8b38.4469.837e.b834725fe6d5..Panc.AdenoCA..DO34640	85	200	0	42	140	60	114	20	0
X9ffe694e.b488.489e.bdbe.0800e505eec4..Panc.AdenoCA..DO49460	252	347	129	17	0	58	44	41	0
a2238b5f.0513.487a.9b1b.7bef85ebf336..Panc.AdenoCA..DO32878	130	69	179	21	13	25	8	24	0
a3210fd0.344c.468e.8ff2.2d0869a2fb75..Panc.AdenoCA..DO51497	16	180	0	14	155	53	53	42	43
a3edc9cc.f54a.4459.a5d0.097879c811e5..Panc.AdenoCA..DO49135	0	192	0	31	285	26	44	20	3
a492a32b.bf2f.4f8c.b06e.794a4baa2fe7..Panc.AdenoCA..DO49074	47	92	98	21	48	17	30	35	0
a5346247.3f30.470a.b4ab.732180786291..Panc.AdenoCA..DO33960	171	220	145	10	1	41	0	26	0
a5d5c238.0447.47fa.9a81.3b823cbdcea6..Panc.AdenoCA..DO34849	53	358	0	7	138	66	70	41	0
a6ebe0c0.8aab.4b9f.8328.4b795895a77d..Panc.AdenoCA..DO51465	109	267	117	21	0	25	57	61	96
a7a56d67.1bd7.4d69.9237.34c2d261261b..Panc.AdenoCA..DO51486	0	27	19	329	25	2	74	15	56
aa4a868a.df23.4eef.a618.e945aa2ce98a..Panc.AdenoCA..DO34448	650	477	0	29	27	245	251	108	0
ac02c38e.5fca.4995.b0cc.39b6189976a3..Panc.AdenoCA..DO51478	269	523	0	15	162	102	151	49	74
af9cfac8.7fbe.49cb.aeca.8d68aea57994..Panc.AdenoCA..DO51494	58	52	148	26	237	28	106	38	20
b04624d2.d8f8.4b51.be1b.72c73d8055f9..Panc.AdenoCA..DO35085	18	4	93	14	7	13	15	23	0
b37d6283.6f95.4975.a794.f3d5c4bbc7b3..Panc.AdenoCA..DO32960	21	126	35	5	0	28	78	14	1
b47aa163.eec9.4225.940b.4373e78152e2..Panc.AdenoCA..DO33200	35	241	0	14	108	13	50	76	0
b54b9433.ec10.4cb5.a860.4555da64917b..Panc.AdenoCA..DO51473	64	168	0	16	30	0	137	36	5
b5cabba2.30a4.458e.897c.00ec3fefa6d2..Panc.AdenoCA..DO49445	146	228	173	12	0	44	31	33	1
b5dd0bc9.6c1c.4272.b920.744de37d0aee..Panc.AdenoCA..DO33480	0	58	11	33	10	17	0	201	0
b7008a98.5aa0.4cc9.9bee.af2a422266db..Panc.AdenoCA..DO33288	277	131	345	38	168	53	0	57	0
b710b214.5666.4054.97ef.3b9ac2bd90ac..Panc.AdenoCA..DO51485	55	124	61	15	164	24	0	47	15
b80ca528.2c5f.400c.8df3.9c47869a64c2..Panc.AdenoCA..DO49439	43	115	196	10	98	31	0	9	0
b8270565.9e02.4d46.9534.08206bfd027a..Panc.AdenoCA..DO221542	44	75	12	9	0	3	66	21	49
bb8176a7.ea7c.42d7.a85a.cec1ca386f2e..Panc.AdenoCA..DO34656	0	23	47	3	82	25	66	8	0
bbbc531a.dd41.40b7.ae59.e35508aea0c7..Panc.AdenoCA..DO32837	34	89	78	1	0	11	0	2	1
bbdd7393.024b.4073.b5bc.ef7a68c15b8a..Panc.AdenoCA..DO221545	47	140	0	1492	2	19	0	503	39
bbff7954.95ec.455c.b0bc.92f67a09ee77..Panc.AdenoCA..DO35305	89	186	303	10	0	10	8	32	3
bc395326.1656.4ef2.bb19.0cb29194b91c..Panc.AdenoCA..DO35083	41145	4472	0	0	0	1267	0	0	1253
bcef0b6c.6584.4090.9d28.ef784a7e5fbb..Panc.AdenoCA..DO51523	52	67	69	5	0	19	9	24	10
c0523251.3ac2.4292.bb00.9ae9ea9009f6..Panc.AdenoCA..DO51528	43	217	158	15	8	30	6	50	41
c13fb736.614c.4d5f.83bf.2d7586f4fb53..Panc.AdenoCA..DO51466	61	72	113	14	51	26	0	44	38
c15a51cc.4fdc.4343.a410.13ddc238dac8..Panc.AdenoCA..DO35114	14	1	58	0	24	10	0	9	5
c3679262.63d7.463e.9501.6ab3f177aee8..Panc.AdenoCA..DO51496	105	298	71	9	93	39	20	46	0
c741fb12.8160.43a7.bc70.2c545ea0031d..Panc.AdenoCA..DO49436	112	221	98	6	128	17	7	32	2
c9e7c629.7b57.4ede.b315.0cea8c97c48e..Panc.AdenoCA..DO35424	0	44	90	26	182	21	51	60	6
ca284012.bd06.47a3.8a9d.c6b185d87d85..Panc.AdenoCA..DO51511	17	299	0	352	206	11	37	155	0
cafe9603.a804.48fb.9217.e2d1c3c346c5..Panc.AdenoCA..DO32916	274	442	288	27	247	36	0	3	3
cb4608a7.6aec.4cba.b20f.489e214c9dbd..Panc.AdenoCA..DO51509	0	18	1	18	42	17	60	113	0
cba4de91.cce7.4edc.8450.d0a52c959586..Panc.AdenoCA..DO35330	13	122	22	25	1	13	54	18	30
cc7af465.22ed.485d.a78c.282b840bf7c9..Panc.AdenoCA..DO35454	46	183	0	15	93	12	41	63	64
cf072bfe.3191.4a71.9e0b.decaa28365e1..Panc.AdenoCA..DO34600	49	22	226	3	0	11	0	44	0
cfe0bf13.2ff4.4164.9b6a.cd3615bf3ddc..Panc.AdenoCA..DO33016	53	151	7	7	8	33	138	0	9
d05ea63c.86a3.463a.a790.2edaa74b4da7..Panc.AdenoCA..DO51538	45	108	109	8	51	14	90	10	128
d1804679.e728.4597.ac69.49554c087b9e..Panc.AdenoCA..DO51533	21	72	53	20	78	15	50	29	34
d333b55b.8bac.4a99.9d23.3cc0c25057bf..Panc.AdenoCA..DO51487	0	3	232	26	125	33	0	30	35
d4907a1b.8b06.47c5.8bca.c781d9cddaf8..Panc.AdenoCA..DO49184	94	56	241	25	31	39	0	53	0
d5796835.d6cd.427e.a398.5fbef88b0648..Panc.AdenoCA..DO51548	74	412	104	15	86	57	3	42	14
d8de6de6.4cfe.4239.9ebd.3437aa65efb2..Panc.AdenoCA..DO221543	48	59	63	10	0	10	24	29	24
d91f487e.0895.44ef.aeb1.a62bd576f8b0..Panc.AdenoCA..DO49079	129	878	29	26	37	52	157	14	10
da1ed4b9.f428.48aa.834d.1d9673999044..Panc.AdenoCA..DO35128	12	184	0	13	148	15	36	63	24
db2a1df8.487d.4dad.a347.5c5ed539d5ad..Panc.AdenoCA..DO51531	74	460	0	12	73	91	36	48	22
dc856038.f5f7.4dfc.a0a4.3e3a6b8d160f..Panc.AdenoCA..DO34728	22	113	137	0	46	22	0	42	0
dd4fdb6a.8067.4b64.ab74.bbb0fec34ca9..Panc.AdenoCA..DO34801	154	156	187	0	0	21	31	23	0
ded2689b.8e37.480c.b37c.acc538e54ddf..Panc.AdenoCA..DO35136	0	0	78	13	407	13	0	35	66
e0aa815f.668a.4de9.bb32.3f215bb7f843..Panc.AdenoCA..DO34785	138	438	0	15	94	41	102	14	13
e1df938f.1f23.4291.98ef.13db6debb796..Panc.AdenoCA..DO51505	11	142	0	9	95	17	61	25	43
e4c8c7f0.5bac.4d59.91c4.c98207150548..Panc.AdenoCA..DO221547	0	103	174	839	90	5	0	185	38
e5193d7e.e8b7.4098.bf98.8b3a62781d13..Panc.AdenoCA..DO49451	94	315	0	19	88	30	121	37	6
e56b0990.ff67.47c1.b9ad.87ef1d4aa2ae..Panc.AdenoCA..DO33368	27	165	66	51	236	31	77	53	0
e6eda5db.4d4f.418e.b0d4.ed9b3e5259d3..Panc.AdenoCA..DO51525	0	15	67	79	99	7	0	8	36
e7048a93.a1ed.4cdc.a1ab.fa507408ca77..Panc.AdenoCA..DO51480	148	133	42	10	28	32	42	20	31
e7603fc8.9b73.4c17.86f9.46ca1bceeb1d..Panc.AdenoCA..DO51519	22	153	49	12	88	38	28	26	20
e97ea3d7.9fcd.4df1.9ea8.587cb3be75ec..Panc.AdenoCA..DO49183	127	78	95	2	74	47	42	28	0
ec646623.6d33.4fbd.888e.89f55d82eb11..Panc.AdenoCA..DO33184	127	166	0	31	240	12	66	26	1
ec77847e.48fd.4ba5.bc3e.3cd1b149b552..Panc.AdenoCA..DO51475	230	158	118	9	114	21	11	21	64
ecfe388a.99f5.44b9.9226.a6ae6d892538..Panc.AdenoCA..DO221539	93	132	134	8	0	21	59	7	48
edac1323.2497.45e6.9148.e9c955292ba2..Panc.AdenoCA..DO33248	66	199	0	0	68	16	58	60	0
ee5d5e7d.78cf.4a29.a9ee.56aa3da877dd..Panc.AdenoCA..DO32875	40	120	81	30	0	0	47	53	4
ee8ba991.8c96.476e.b096.49f3aaaffc2f..Panc.AdenoCA..DO32863	145	36	180	26	15	49	36	15	0
ef002c3d.358f.4fc0.98f3.2f8b89de4374..Panc.AdenoCA..DO51512	48	98	0	20	0	17	125	25	32
ef3a0ccd.85bc.4e5f.a8c6.5a2e2d9e6717..Panc.AdenoCA..DO49080	119	357	27	78	150	71	0	237	0
efacd7d6.56cf.4f6a.87f0.1a7ab6b1a643..Panc.AdenoCA..DO51483	173	223	0	19	134	37	56	51	10
efc39172.083c.4297.b922.3f58df781332..Panc.AdenoCA..DO35198	65	131	31	30	167	26	71	44	12
f1d9124e.dfa2.415e.b8b8.dd872fd3e2cb..Panc.AdenoCA..DO33408	10	66	65	1	96	22	35	34	0
f283ed80.8302.4f26.99ed.ea20d101289d..Panc.AdenoCA..DO49420	0	78	0	4	87	13	68	20	0
f4ada7a2.c4ac.4f89.ada7.4645861002cb..Panc.AdenoCA..DO51530	162	148	0	638	36	3	124	120	24
f4e673a9.5b85.46e7.bcac.2ce6e1026896..Panc.AdenoCA..DO51502	112	153	194	14	0	68	13	16	29
f4e926fd.006e.4c85.b71c.1433c325acb0..Panc.AdenoCA..DO49204	55	85	150	19	0	13	15	15	2
f5bb7ae4.4bb4.4e87.b83c.bc8620584989..Panc.AdenoCA..DO34312	40	183	0	10	57	21	135	7	0
f7702c0c.9636.4700.a8ae.7a58afd9fa71..Panc.AdenoCA..DO33544	0	242	54	14	173	26	58	25	0
f94c4f69.8119.4eaf.97c1.5106890c14d4..Panc.AdenoCA..DO35186	92	113	0	13	174	30	31	13	0
fa54205f.7e51.4e5a.9f0a.5e8a2e40235f..Panc.AdenoCA..DO49178	14	102	0	22	28	12	38	42	2
fa9a3247.a465.4fdf.bb64.5afaa83a5d76..Panc.AdenoCA..DO35132	0	28	8	0	1	5	25	5	0
fdbd0277.ddbf.4cc5.8ec3.3644b9553627..Panc.AdenoCA..DO35406	89	80	135	14	0	16	39	23	1
fe96d91c.3686.4125.af71.b8703a011ad4..Panc.AdenoCA..DO49463	78	836	69	22	95	87	38	29	0
ffe4bb51.e98a.41a7.a4e1.c3970386889c..Panc.AdenoCA..DO51503	12	51	4	11	87	6	51	21	40
