MutationType	ID83A	ID83B	ID83C	ID83D	ID83E	ID83F	ID83G	ID83H
1:Del:C:0	1.66E-07	1.53E-03	5.96E-04	1.84E-04	6.22E-03	5.23E-03	3.01E-02	6.04E-03
1:Del:C:1	1.69E-04	4.32E-04	9.91E-04	0.00E+00	4.03E-03	2.56E-03	1.10E-02	8.39E-03
1:Del:C:2	5.86E-05	1.05E-04	7.42E-05	4.16E-05	5.72E-04	5.30E-04	2.73E-03	4.04E-04
1:Del:C:3	4.83E-04	1.15E-04	2.58E-04	5.29E-04	9.13E-04	1.40E-03	4.22E-03	2.55E-03
1:Del:C:4	1.43E-04	0.00E+00	2.98E-04	8.79E-04	1.42E-03	4.02E-04	5.13E-03	1.52E-03
1:Del:C:5	7.67E-04	0.00E+00	2.35E-04	1.15E-03	2.15E-04	5.59E-04	1.55E-03	6.48E-03
1:Del:T:0	3.57E-04	7.87E-04	9.37E-04	1.68E-03	2.99E-03	3.55E-03	1.61E-02	8.56E-03
1:Del:T:1	0.00E+00	2.72E-05	3.24E-04	3.34E-04	2.09E-03	1.17E-03	5.44E-03	4.53E-03
1:Del:T:2	1.79E-04	6.13E-04	8.21E-05	1.41E-03	2.72E-03	1.38E-03	1.41E-02	1.04E-02
1:Del:T:3	9.38E-04	5.25E-04	5.89E-04	1.90E-03	3.42E-03	6.06E-04	1.68E-02	4.24E-03
1:Del:T:4	1.12E-03	1.26E-04	8.32E-04	2.44E-03	4.19E-03	0.00E+00	2.13E-02	6.94E-03
1:Del:T:5	1.36E-07	8.06E-08	1.38E-07	3.52E-03	3.11E-07	1.03E-03	4.43E-03	9.30E-02
1:Ins:C:0	3.28E-08	5.60E-06	1.73E-07	6.66E-08	3.91E-08	3.73E-04	4.57E-04	5.60E-07
1:Ins:C:1	1.98E-08	6.29E-05	5.66E-06	3.39E-08	3.38E-08	4.19E-04	7.37E-04	1.16E-04
1:Ins:C:2	8.60E-05	1.57E-05	2.21E-07	1.92E-04	8.69E-05	3.85E-04	8.60E-04	7.74E-04
1:Ins:C:3	4.13E-08	4.55E-05	3.82E-08	3.29E-05	6.11E-08	4.40E-08	5.97E-05	1.62E-04
1:Ins:C:4	3.51E-04	1.71E-04	2.81E-04	1.10E-04	7.91E-05	4.72E-04	9.76E-04	3.13E-03
1:Ins:C:5	2.64E-03	1.50E-04	0.00E+00	1.33E-03	3.74E-04	0.00E+00	2.87E-03	6.84E-03
1:Ins:T:0	2.07E-04	2.43E-04	1.60E-04	0.00E+00	1.74E-03	9.24E-04	5.58E-03	1.24E-03
1:Ins:T:1	1.68E-04	1.80E-04	1.05E-08	0.00E+00	1.96E-03	8.74E-04	6.19E-03	1.21E-03
1:Ins:T:2	0.00E+00	6.69E-05	1.55E-04	4.76E-04	3.29E-04	2.49E-04	2.05E-03	6.70E-04
1:Ins:T:3	1.00E-03	2.72E-04	0.00E+00	2.62E-04	4.54E-04	1.25E-04	4.20E-03	2.53E-03
1:Ins:T:4	1.61E-03	0.00E+00	0.00E+00	8.02E-04	6.10E-04	1.16E-04	2.90E-03	5.65E-03
1:Ins:T:5	6.73E-03	3.40E-03	1.11E-03	0.00E+00	2.92E-17	2.05E-04	9.82E-02	1.14E-01
2:Del:R:0	2.74E-04	7.33E-05	1.00E-04	3.61E-04	1.08E-03	2.42E-03	3.62E-03	1.20E-04
2:Del:R:1	6.06E-04	0.00E+00	0.00E+00	3.67E-04	6.09E-04	1.24E-03	2.35E-03	5.70E-03
2:Del:R:2	9.71E-05	6.33E-05	1.22E-08	6.10E-04	1.47E-04	1.67E-08	8.64E-04	9.59E-04
2:Del:R:3	6.95E-05	3.99E-08	2.78E-08	1.38E-04	6.27E-08	5.74E-05	7.43E-05	7.46E-04
2:Del:R:4	1.20E-08	9.60E-05	0.00E+00	1.40E-04	1.15E-06	1.47E-04	9.73E-04	6.83E-04
2:Del:R:5	4.48E-08	5.62E-08	6.37E-08	6.99E-08	4.64E-08	1.38E-04	2.30E-06	6.22E-08
3:Del:R:0	1.03E-04	2.93E-04	2.74E-05	1.41E-04	2.61E-04	1.82E-03	3.98E-03	1.27E-03
3:Del:R:1	5.47E-04	0.00E+00	6.74E-05	7.69E-04	7.40E-04	8.38E-04	1.29E-02	2.32E-03
3:Del:R:2	4.91E-09	3.53E-03	1.09E-08	5.01E-04	5.72E-04	3.86E-04	1.47E-03	4.69E-03
3:Del:R:3	2.24E-04	3.24E-07	1.62E-04	5.61E-05	6.17E-05	4.23E-04	4.46E-04	1.00E-03
3:Del:R:4	1.02E-08	1.24E-08	4.56E-09	1.10E-08	1.17E-08	2.79E-08	1.31E-07	5.56E-08
3:Del:R:5	1.02E-08	1.24E-08	4.56E-09	1.10E-08	1.17E-08	2.79E-08	1.31E-07	5.56E-08
4:Del:R:0	0.00E+00	0.00E+00	7.81E-09	1.04E-04	2.49E-04	6.63E-04	8.64E-04	0.00E+00
4:Del:R:1	2.16E-04	0.00E+00	0.00E+00	3.74E-04	6.95E-04	1.78E-04	4.76E-03	1.95E-03
4:Del:R:2	4.34E-05	8.65E-05	0.00E+00	1.67E-04	2.44E-04	1.01E-08	8.75E-04	1.35E-04
4:Del:R:3	3.65E-08	2.55E-07	6.59E-05	5.27E-08	8.72E-08	1.91E-04	1.56E-07	1.33E-07
4:Del:R:4	4.01E-08	4.12E-08	5.23E-08	5.21E-08	3.77E-08	5.52E-05	4.77E-05	7.90E-08
4:Del:R:5	4.57E-08	4.46E-08	3.24E-08	7.42E-05	4.70E-08	4.61E-08	1.40E-07	5.26E-05
5:Del:R:0	0.00E+00	3.84E-03	8.89E-08	2.54E-08	8.45E-04	1.53E-02	2.40E-02	2.56E-03
5:Del:R:1	0.00E+00	7.94E-05	3.30E-06	8.15E-04	2.06E-04	1.08E-04	3.13E-04	1.68E-03
5:Del:R:2	3.19E-05	1.63E-04	1.07E-05	1.78E-08	2.03E-04	8.47E-08	6.69E-04	7.61E-04
5:Del:R:3	5.62E-08	4.68E-03	1.17E-07	1.78E-07	6.30E-08	5.26E-08	7.24E-02	7.45E-02
5:Del:R:4	3.45E-08	3.86E-08	4.08E-08	5.26E-08	3.80E-08	1.93E-04	5.28E-04	1.24E-07
5:Del:R:5	1.02E-08	1.24E-08	4.56E-09	1.10E-08	1.17E-08	2.79E-08	1.31E-07	5.56E-08
2:Ins:R:0	1.01E-08	0.00E+00	1.65E-04	3.23E-05	7.47E-05	5.27E-04	1.89E-03	3.81E-05
2:Ins:R:1	5.46E-09	7.81E-05	8.81E-05	3.87E-05	2.81E-04	3.21E-04	8.02E-04	0.00E+00
2:Ins:R:2	2.99E-05	8.60E-09	3.31E-09	1.68E-04	2.39E-04	0.00E+00	3.56E-04	9.39E-04
2:Ins:R:3	1.22E-04	1.25E-08	1.11E-04	9.96E-05	1.83E-04	1.30E-04	6.70E-05	5.04E-04
2:Ins:R:4	6.48E-04	7.28E-09	1.83E-04	4.15E-04	1.07E-04	0.00E+00	2.69E-03	2.17E-03
2:Ins:R:5	1.30E-03	0.00E+00	3.69E-04	1.83E-03	2.31E-04	5.39E-04	3.55E-03	8.76E-03
3:Ins:R:0	8.10E-05	3.39E-05	2.68E-08	7.72E-09	3.72E-08	1.18E-04	1.18E-04	3.22E-04
3:Ins:R:1	5.67E-05	3.72E-04	5.41E-05	1.69E-04	3.99E-04	0.00E+00	1.01E-03	8.36E-04
3:Ins:R:2	2.97E-07	1.17E-05	2.13E-05	1.09E-04	2.84E-05	9.74E-09	1.63E-04	2.07E-04
3:Ins:R:3	2.67E-08	1.64E-04	2.86E-08	2.66E-08	4.47E-08	1.88E-08	4.42E-07	3.19E-04
3:Ins:R:4	1.02E-08	1.24E-08	4.56E-09	1.10E-08	1.17E-08	2.79E-08	1.31E-07	5.56E-08
3:Ins:R:5	3.93E-05	1.00E-04	0.00E+00	3.59E-04	3.88E-04	2.55E-04	1.39E-03	3.17E-04
4:Ins:R:0	1.77E-05	1.06E-07	1.44E-04	6.67E-05	2.45E-08	2.60E-04	1.62E-03	6.29E-04
4:Ins:R:1	2.29E-04	1.07E-04	1.42E-04	1.99E-04	8.54E-05	0.00E+00	2.10E-03	3.90E-04
4:Ins:R:2	5.35E-08	8.39E-08	2.13E-03	9.99E-08	6.39E-08	1.31E-04	2.98E-07	6.50E-02
4:Ins:R:3	4.58E-05	4.83E-08	3.68E-07	6.87E-08	5.95E-08	5.60E-05	8.65E-08	1.24E-04
4:Ins:R:4	1.12E-04	1.97E-08	1.53E-08	7.70E-05	1.39E-08	7.77E-09	5.40E-04	1.68E-04
4:Ins:R:5	2.33E-04	1.64E-04	1.26E-04	3.99E-04	1.44E-08	3.49E-04	2.98E-04	4.76E-03
5:Ins:R:0	3.52E-08	5.20E-08	3.10E-08	5.78E-08	1.78E-08	1.60E-04	1.52E-07	6.72E-08
5:Ins:R:1	3.28E-04	1.47E-04	8.21E-05	4.95E-04	3.35E-04	1.21E-03	3.65E-03	3.87E-03
5:Ins:R:2	6.95E-05	6.11E-09	1.64E-07	1.08E-04	1.22E-07	0.00E+00	1.51E-04	1.26E-08
5:Ins:R:3	3.29E-08	5.55E-05	2.62E-08	6.27E-08	6.92E-08	3.45E-08	9.50E-08	1.19E-07
5:Ins:R:4	4.51E-08	9.18E-05	2.14E-05	6.56E-08	9.94E-05	4.63E-08	1.61E-05	7.35E-05
5:Ins:R:5	4.36E-08	4.44E-08	8.43E-08	7.66E-05	2.16E-07	4.09E-08	3.81E-04	1.32E-04
2:Del:M:1	5.49E-04	0.00E+00	1.10E-04	2.50E-04	6.63E-04	6.65E-04	1.97E-03	6.94E-04
3:Del:M:1	1.76E-04	7.34E-05	1.75E-04	0.00E+00	6.58E-04	1.36E-03	2.41E-03	5.01E-04
3:Del:M:2	9.45E-05	2.17E-04	1.60E-04	4.04E-04	7.05E-04	8.14E-04	2.85E-03	6.67E-04
4:Del:M:1	2.52E-08	8.92E-06	2.03E-05	2.16E-08	9.99E-05	6.39E-04	6.81E-04	4.01E-04
4:Del:M:2	8.44E-09	1.04E-08	4.54E-05	3.37E-04	3.78E-04	4.23E-05	2.54E-03	8.34E-05
4:Del:M:3	2.26E-04	4.20E-04	2.23E-04	2.70E-04	3.57E-04	0.00E+00	1.16E-03	9.51E-04
5:Del:M:1	1.15E-04	8.45E-04	0.00E+00	1.08E-03	1.10E-07	1.27E-02	4.38E-02	5.89E-03
5:Del:M:2	3.42E-04	1.17E-07	2.83E-04	4.61E-04	2.99E-46	9.70E-03	3.31E-02	2.92E-03
5:Del:M:3	5.70E-09	4.16E-04	3.65E-04	4.16E-08	0.00E+00	2.09E-03	4.49E-03	7.66E-04
5:Del:M:4	3.48E-09	4.95E-06	1.71E-04	0.00E+00	4.12E-04	1.59E-03	3.50E-03	2.23E-06
5:Del:M:5	0.00E+00	0.00E+00	3.63E-04	4.28E-04	4.96E-04	1.55E-03	5.52E-03	1.67E-03
