Samples	ID83A	ID83B	ID83C	ID83D	ID83E	ID83F	ID83G	ID83H	ID83I	ID83J	ID83K	ID83L	ID83M
V1	4	0	0	48	67	93	43	0	0	0	3	22	0
V2	32	0	0	106	53	0	9	0	0	15	0	23	0
V3	1	6	0	15	28	6	0	0	4	0	46	0	0
V4	0	81	19	168	33	42	0	20	18	0	36	7	0
V5	15	1	3	56	24	0	2	0	0	0	22	13	0
V6	0	70	36	2	28	0	0	0	17	0	2	0	0
V7	1	23	0	0	59	23	32	27	0	42	0	0	3
V8	141	15	12	0	5	0	0	9	0	6	31	0	18
V9	42	0	41	36	0	8	0	7	16	25	0	13	32
V10	43	10	11	129	24	0	30	0	47	2	0	0	41
V11	67	145	67	0	0	0	29	23	0	0	83	0	0
V12	72	0	1	4	38	16	15	3	2	0	0	0	8
V13	93	33	48	0	38	40	0	17	0	1	18	0	15
V14	10	12	0	136	7	1	11	13	4	0	2	0	0
V15	17	0	108	89	31	27	13	7	0	0	60	26	17
V16	54	17	2	0	84	41	19	64	0	0	0	7	0
V17	23	260	2	6	64	88	66	33	0	0	0	6	12
V18	48	55	82	0	0	5	3	4	54	45	0	0	1
V19	6	142	20	74	17	0	0	41	0	39	105	0	0
V20	115	0	12	0	78	0	0	3	0	16	6	0	6
V21	1	120	253	197	16	0	13	93	38	0	0	4	14
V22	33	0	5	44	19	5	10	11	0	25	3	51	4
V23	6	0	55	0	36	0	0	0	0	0	18	0	3
V24	356	90	0	58	113	13	0	0	29	44	0	30	7
V25	4	85	227	0	18	0	0	3	6	0	0	0	2
V26	119	83	0	0	2	0	36	13	0	14	0	0	24
V27	71	48	7	0	9	7	0	24	13	0	0	5	0
V28	38	4	194	0	135	68	52	58	0	0	7	0	0
V29	1	29	12	0	0	0	0	21	0	0	0	0	0
V30	202	68	51	38	6	0	0	34	0	88	0	10	9
V31	36	36	30	117	201	0	7	31	0	31	0	26	0
V32	171	0	119	0	65	34	20	25	36	0	0	40	11
V33	52	41	3	0	103	0	0	0	0	66	0	0	15
V34	15	24	3	0	13	0	37	30	0	33	0	0	4
V35	55	278	0	171	164	228	108	9	8	0	0	0	18
V36	0	0	0	0	5	34	54	0	6	0	0	9	4
V37	0	77	0	151	3	12	14	0	73	0	6	0	0
V38	9	7	212	326	3	18	0	85	18	0	0	108	0
V39	127	237	39	0	19	25	0	0	0	0	33	0	6
V40	0	17	14	8	6	123	39	93	1	0	0	0	0
V41	336	0	23	51	10	167	41	0	25	0	0	42	88
V42	0	24	20	0	97	0	15	0	0	35	0	0	0
V43	20	0	58	3	5	0	0	0	9	3	0	18	5
V44	107	0	128	0	26	81	52	0	0	0	59	0	0
V45	51	50	11	28	14	7	3	4	0	0	0	8	5
V46	56	0	7	0	1	8	29	6	0	0	0	0	13
V47	98	50	40	12	47	0	0	0	0	0	84	14	0
V48	0	13	0	1	1	17	25	18	12	1	6	10	0
V49	109	25	7	44	16	150	115	23	0	0	20	20	0
V50	22	49	3	0	0	0	8	24	0	0	0	0	8
V51	20	144	120	3	5	25	18	0	60	0	0	11	9
V52	50	4	119	25	30	0	0	14	60	0	0	0	0
V53	9	55	26	89	25	0	0	47	36	0	15	0	0
V54	71	0	0	9	4	0	7	0	48	0	6	0	19
V55	201	17	20	0	0	13	0	13	8	10	0	8	8
V56	7	2	5	0	10	135	82	14	0	0	2	0	21
V57	21	0	74	0	96	0	0	0	0	2	0	0	0
V58	0	68	0	65	30	15	44	13	28	53	4	0	0
V59	24	94	9	52	188	0	20	51	0	95	0	2	32
V60	225	33	36	8	5	129	65	24	16	0	0	3	34
V61	8	0	1	0	4	1	0	0	7	0	0	0	1
V62	25	197	5	0	0	5	37	0	13	0	85	0	21
V63	75	81	16	102	6	0	4	45	109	0	13	0	0
V64	3	23	26	1	0	0	0	0	0	2	0	0	0
V65	5	15	2	1	88	1	0	4	0	21	0	5	0
V66	46	223	338	0	112	0	8	53	0	90	0	0	0
V67	0	102	266	0	27	0	0	12	90	0	0	0	1
V68	65	0	86	0	122	68	16	24	0	0	0	17	11
V69	19	0	1	0	16	0	1	4	2	0	0	0	5
V70	1	347	226	0	49	0	9	70	15	11	0	10	0
V71	3	31	0	49	3	4	0	12	4	6	0	3	3
V72	2	60	150	0	0	0	0	26	4	0	0	0	2
V73	88	38	0	3	78	0	0	0	3	0	0	10	2
V74	99	15	0	64	0	7	0	0	70	0	54	0	0
V75	0	20	20	83	126	69	10	10	0	0	0	17	0
V76	11	0	0	11	14	6	14	0	9	0	4	0	16
V77	0	79	26	63	0	17	1	108	72	0	13	0	4
V78	9	11	2	5	113	11	14	9	0	34	0	16	0
V79	1	17	106	0	7	0	15	11	22	0	0	32	0
V80	49	0	0	0	3	3	0	14	0	0	0	0	0
V81	11	8	109	0	3	15	0	0	23	0	0	1	7
V82	23	90	0	0	50	107	75	25	0	0	0	0	0
V83	0	0	45	85	3	5	0	0	19	0	39	3	11
V84	1	38	1	4	41	27	33	14	0	0	59	0	0
V85	161	0	0	0	2	18	0	0	0	1	7	3	29
V86	0	1	0	52	183	1	11	9	52	10	5	0	0
V87	30	16	0	4	0	24	61	38	0	0	0	0	0
V88	78	1	26	0	26	34	0	0	0	17	0	22	31
V89	12	4	8	153	47	37	30	23	33	0	0	0	16
V90	39	110	57	0	0	23	89	94	0	0	0	0	8
V91	9	13	16	43	20	0	0	0	0	21	0	4	0
V92	0	0	19	99	14	0	72	11	11	0	0	17	0
V93	155	20	1	0	0	7	5	9	0	5	0	6	0
V94	0	144	3	227	0	20	41	5	18	32	0	18	0
V95	8	69	3	0	58	43	29	0	8	15	14	1	22
V96	6	77	0	99	9	58	9	11	0	0	0	0	33
V97	33	0	0	298	4	6	39	2	0	0	0	1	0
V98	0	16	33	55	8	0	0	6	40	4	0	9	0
V99	0	73	34	43	14	0	0	0	0	63	34	40	0
V100	188	29	120	91	15	0	0	0	26	60	0	24	0
