MutationType	ID83A	ID83B	ID83C	ID83D	ID83E	ID83F	ID83G
1:Del:C:0	1.85E-04	1.92E-04	6.72E-03	6.00E-03	7.50E-04	1.13E-04	2.97E-03
1:Del:C:1	6.92E-05	2.15E-04	3.29E-03	1.92E-03	6.02E-04	5.78E-05	1.47E-03
1:Del:C:2	5.36E-05	1.11E-04	1.74E-03	1.16E-03	3.25E-04	4.41E-05	1.06E-03
1:Del:C:3	1.15E-04	1.55E-04	7.11E-04	7.69E-04	1.88E-04	9.84E-10	9.20E-04
1:Del:C:4	2.94E-04	5.25E-05	1.72E-03	7.44E-04	1.81E-04	1.54E-09	8.12E-04
1:Del:C:5	1.17E-03	2.60E-04	3.59E-03	6.04E-04	2.07E-04	4.24E-05	1.63E-03
1:Del:T:0	1.96E-04	2.15E-04	4.12E-03	2.30E-03	7.99E-04	8.62E-05	2.11E-03
1:Del:T:1	1.70E-04	2.30E-04	2.61E-03	1.78E-03	4.20E-04	5.51E-05	8.13E-04
1:Del:T:2	2.48E-04	1.47E-04	2.63E-03	1.92E-03	4.77E-04	3.65E-05	1.21E-03
1:Del:T:3	1.29E-03	2.71E-04	6.66E-03	4.01E-03	5.47E-04	7.87E-05	2.47E-03
1:Del:T:4	2.67E-03	3.06E-04	1.69E-02	4.80E-03	7.90E-04	1.36E-04	3.88E-03
1:Del:T:5	7.87E-03	3.56E-03	2.69E-02	3.60E-03	1.88E-03	3.52E-04	2.65E-03
1:Ins:C:0	9.90E-04	1.89E-04	3.31E-03	2.76E-03	7.20E-04	2.03E-03	1.04E-03
1:Ins:C:1	1.93E-04	1.34E-04	5.71E-04	1.99E-04	1.15E-04	6.67E-04	5.77E-04
1:Ins:C:2	8.27E-05	1.18E-04	1.60E-04	1.04E-04	5.54E-05	4.41E-04	3.94E-04
1:Ins:C:3	4.06E-05	5.73E-05	2.05E-04	1.08E-04	2.36E-05	1.56E-04	1.48E-04
1:Ins:C:4	2.30E-05	2.52E-05	2.56E-05	2.22E-05	2.04E-05	1.28E-04	2.33E-04
1:Ins:C:5	1.84E-05	3.83E-05	6.27E-05	1.05E-04	0.00E+00	4.02E-05	1.11E-04
1:Ins:T:0	3.10E-03	2.25E-03	8.68E-03	7.68E-03	1.60E-03	1.40E-03	1.33E-02
1:Ins:T:1	1.29E-03	1.04E-03	4.62E-03	4.45E-03	6.66E-04	7.56E-04	8.06E-03
1:Ins:T:2	3.14E-04	4.93E-04	2.30E-03	1.66E-03	1.30E-05	3.85E-04	1.96E-03
1:Ins:T:3	1.69E-04	3.76E-04	1.19E-03	9.59E-04	1.88E-04	4.35E-04	1.42E-03
1:Ins:T:4	2.06E-04	2.20E-04	9.12E-04	6.95E-04	1.71E-04	2.56E-04	1.84E-04
1:Ins:T:5	2.28E-04	3.74E-04	1.02E-03	8.16E-04	2.14E-04	2.85E-04	1.25E-03
2:Del:R:0	9.07E-05	8.29E-05	2.10E-03	2.21E-03	4.01E-04	1.34E-09	1.48E-03
2:Del:R:1	1.92E-04	1.86E-04	3.00E-03	1.84E-03	3.98E-04	9.86E-05	1.78E-03
2:Del:R:2	6.36E-05	6.54E-05	9.21E-04	8.99E-04	1.35E-04	3.97E-05	1.04E-03
2:Del:R:3	1.81E-04	1.67E-05	3.76E-04	2.22E-04	5.29E-05	1.35E-09	6.02E-04
2:Del:R:4	9.53E-05	3.87E-06	2.83E-04	9.69E-05	2.86E-05	1.22E-09	4.49E-04
2:Del:R:5	8.10E-05	0.00E+00	1.94E-04	0.00E+00	0.00E+00	5.63E-10	5.80E-03
3:Del:R:0	2.52E-05	1.13E-04	9.37E-04	1.12E-03	2.49E-04	3.60E-05	4.26E-04
3:Del:R:1	1.87E-04	1.41E-04	3.34E-03	2.21E-03	2.78E-04	5.82E-05	3.47E-03
3:Del:R:2	4.52E-05	4.17E-05	8.86E-04	6.99E-04	9.04E-05	3.85E-05	8.59E-04
3:Del:R:3	1.72E-05	7.53E-05	2.13E-04	1.44E-04	5.89E-06	3.81E-05	6.39E-04
3:Del:R:4	0.00E+00	9.32E-09	5.57E-08	5.62E-08	8.56E-09	8.14E-10	2.81E-03
3:Del:R:5	4.34E-06	1.65E-08	6.43E-06	6.50E-08	1.05E-09	1.10E-09	3.73E-03
4:Del:R:0	4.68E-06	3.33E-05	8.06E-04	1.11E-03	2.76E-04	1.84E-09	5.31E-04
4:Del:R:1	5.82E-05	1.07E-04	2.28E-03	1.47E-03	1.79E-04	4.91E-05	1.85E-03
4:Del:R:2	2.45E-05	9.96E-06	5.46E-04	4.05E-04	6.83E-05	9.42E-10	5.54E-04
4:Del:R:3	3.16E-10	5.51E-05	2.21E-04	2.81E-04	6.92E-05	1.20E-09	1.42E-03
4:Del:R:4	1.27E-05	1.72E-05	4.13E-05	0.00E+00	3.21E-05	7.76E-10	1.48E-03
4:Del:R:5	2.58E-05	3.87E-05	2.80E-05	1.97E-05	2.05E-05	9.00E-10	6.87E-04
5:Del:R:0	3.20E-05	2.71E-04	3.40E-03	8.50E-03	2.04E-03	9.52E-05	1.60E-03
5:Del:R:1	3.02E-05	1.25E-04	7.72E-04	5.31E-04	1.81E-04	5.54E-05	9.92E-04
5:Del:R:2	7.21E-06	5.76E-05	1.28E-04	2.50E-04	5.18E-05	6.69E-10	5.62E-04
5:Del:R:3	5.59E-06	8.39E-06	7.27E-05	5.05E-05	2.93E-05	1.24E-09	3.22E-04
5:Del:R:4	1.02E-05	2.90E-06	5.79E-06	1.46E-05	1.75E-05	1.09E-09	1.97E-04
5:Del:R:5	4.81E-07	1.70E-05	4.53E-05	7.51E-05	2.65E-05	1.51E-09	3.82E-04
2:Ins:R:0	2.40E-04	3.68E-04	1.31E-03	1.84E-03	3.64E-04	2.16E-04	2.55E-03
2:Ins:R:1	3.12E-05	8.97E-05	1.38E-04	2.51E-04	6.02E-05	3.27E-05	1.02E-03
2:Ins:R:2	2.45E-05	2.77E-05	2.56E-05	3.33E-05	1.63E-05	2.02E-09	3.54E-06
2:Ins:R:3	1.39E-05	1.15E-05	1.74E-05	2.09E-05	0.00E+00	1.68E-09	1.46E-04
2:Ins:R:4	1.42E-05	1.42E-05	6.81E-05	6.02E-09	2.55E-06	3.30E-09	1.19E-04
2:Ins:R:5	6.13E-06	1.32E-05	1.79E-05	3.11E-05	0.00E+00	3.49E-06	7.85E-05
3:Ins:R:0	8.67E-05	1.87E-04	1.44E-03	1.74E-03	2.18E-04	7.35E-05	1.39E-03
3:Ins:R:1	9.77E-06	3.34E-05	5.77E-05	1.04E-04	1.33E-05	1.52E-09	2.18E-04
3:Ins:R:2	1.27E-06	6.28E-06	1.90E-05	4.77E-06	1.51E-10	4.98E-06	4.90E-05
3:Ins:R:3	4.84E-06	4.04E-07	1.16E-05	3.54E-08	8.30E-10	9.55E-06	3.02E-05
3:Ins:R:4	3.97E-10	1.17E-09	4.02E-08	2.32E-08	1.80E-09	1.23E-10	1.49E-08
3:Ins:R:5	3.97E-10	1.17E-09	4.02E-08	2.32E-08	1.80E-09	1.23E-10	1.49E-08
4:Ins:R:0	3.46E-05	2.60E-04	1.08E-03	2.00E-03	2.12E-04	7.24E-05	1.49E-03
4:Ins:R:1	1.67E-05	1.35E-05	8.41E-05	1.09E-04	3.31E-05	2.26E-09	7.88E-05
4:Ins:R:2	1.60E-09	1.79E-06	3.02E-06	1.10E-05	1.53E-09	1.46E-09	3.72E-08
4:Ins:R:3	5.00E-11	3.04E-06	4.06E-08	5.15E-08	8.84E-10	7.94E-09	4.36E-05
4:Ins:R:4	2.25E-09	5.00E-09	2.33E-06	3.91E-08	1.88E-06	1.21E-08	6.62E-05
4:Ins:R:5	3.97E-10	1.17E-09	4.02E-08	2.32E-08	1.80E-09	1.23E-10	1.49E-08
5:Ins:R:0	3.74E-06	3.68E-04	3.41E-03	4.15E-03	4.84E-04	1.03E-04	2.93E-03
5:Ins:R:1	2.34E-11	6.04E-06	2.14E-05	6.50E-05	2.27E-05	1.99E-09	8.41E-05
5:Ins:R:2	4.75E-10	2.50E-06	3.75E-08	4.98E-08	5.93E-10	3.58E-09	3.77E-08
5:Ins:R:3	3.97E-10	1.17E-09	4.02E-08	2.32E-08	1.80E-09	1.23E-10	1.49E-08
5:Ins:R:4	3.97E-10	1.17E-09	4.02E-08	2.32E-08	1.80E-09	1.23E-10	1.49E-08
5:Ins:R:5	3.97E-10	1.17E-09	4.02E-08	2.32E-08	1.80E-09	1.23E-10	1.49E-08
2:Del:M:1	1.02E-04	1.59E-04	2.93E-03	1.73E-03	2.44E-04	4.87E-05	1.76E-03
3:Del:M:1	4.80E-06	2.66E-05	6.65E-04	1.01E-03	1.99E-04	3.92E-05	6.15E-04
3:Del:M:2	8.46E-05	7.41E-05	2.04E-03	1.41E-03	2.25E-04	5.71E-05	1.01E-03
4:Del:M:1	1.94E-05	1.52E-05	6.55E-04	6.48E-04	1.76E-04	1.29E-09	3.18E-04
4:Del:M:2	2.82E-05	8.99E-05	1.04E-03	7.10E-04	2.11E-04	1.20E-09	8.27E-04
4:Del:M:3	6.08E-05	7.34E-05	1.90E-03	1.25E-03	2.49E-04	7.83E-05	1.53E-03
5:Del:M:1	3.17E-05	2.75E-04	2.64E-03	5.78E-03	1.20E-03	4.59E-05	1.39E-03
5:Del:M:2	2.99E-05	4.02E-04	4.52E-04	1.84E-03	1.95E-03	7.81E-05	1.12E-03
5:Del:M:3	2.85E-05	1.45E-05	5.74E-04	7.10E-04	1.71E-03	7.76E-05	9.89E-04
5:Del:M:4	1.07E-05	1.36E-04	2.14E-04	2.49E-04	1.15E-03	9.26E-10	5.74E-04
5:Del:M:5	5.94E-05	1.91E-04	5.58E-04	6.31E-04	9.80E-04	5.34E-05	1.25E-03
