Samples	ID83A	ID83B	ID83C	ID83D	ID83E	ID83F	ID83G	ID83H	ID83I	ID83J	ID83K	ID83L	ID83M	ID83N	ID83O	ID83P
V1	53	3	18	0	14	26	109	0	0	28	7	0	2	0	1	0
V2	19	6	8	10	0	2	2	0	0	9	1	2	0	0	4	5
V3	1	14	54	2	6	2	0	18	4	9	15	4	13	6	0	0
V4	0	12	1	49	55	129	8	41	32	0	0	21	0	24	14	0
V5	123	37	0	31	47	3	2	62	9	0	0	35	73	11	39	0
V6	89	0	27	0	5	5	0	0	6	19	8	1	11	15	0	9
V7	54	29	347	15	8	14	24	39	3	55	59	0	2	0	0	1
V8	20	52	110	8	7	14	27	14	2	47	15	4	7	0	14	0
V9	216	40	12	16	75	30	48	18	75	16	5	2	4	0	0	0
V10	7	26	24	16	13	16	18	3	0	38	6	12	7	22	11	0
V11	50	0	50	0	0	6	0	0	0	26	28	1	11	0	0	6
V12	4	81	23	41	0	33	16	0	0	57	6	17	0	2	16	16
V13	4	11	12	53	4	14	76	0	2	0	4	23	4	0	0	0
V14	0	0	4	78	33	16	19	213	2	0	0	55	0	17	12	0
V15	102	0	28	1	2	0	0	0	7	0	12	1	2	6	0	18
V16	205	0	0	4	20	1	0	4	23	0	1	0	2	38	0	0
V17	0	0	59	0	31	0	0	0	16	0	26	0	26	0	0	0
V18	0	15	63	4	87	8	2	0	16	2	37	0	0	0	0	0
V19	9	2	60	3	22	13	22	0	21	23	4	0	1	0	9	0
V20	0	14	28	185	33	2	0	102	60	0	8	6	0	0	0	0
V21	38	175	12	31	0	8	10	13	0	0	1	38	1	39	0	0
V22	1	60	1	4	0	1	5	0	0	0	1	3	0	7	0	0
V23	177	136	1	24	13	15	30	15	4	18	0	6	7	0	0	0
V24	26	18	41	20	1	47	34	0	5	25	4	0	5	2	13	7
V25	22	0	98	1	3	0	0	0	0	0	11	0	0	0	0	3
V26	227	0	7	48	8	14	20	62	19	1	3	9	8	2	16	39
V27	11	1	48	0	38	0	0	0	26	0	25	0	20	0	0	0
V28	12	92	137	50	87	0	0	11	4	0	76	17	0	0	0	0
V29	4	9	0	1	7	0	0	1	1	0	0	0	3	1	0	1
V30	0	54	8	0	79	0	0	0	66	0	2	2	32	0	0	0
V31	9	0	1	51	7	8	18	113	9	3	5	46	0	4	10	0
V32	30	0	23	0	3	0	0	0	10	0	25	1	0	0	0	0
V33	0	84	18	8	0	14	12	5	0	0	11	2	0	3	2	2
V34	0	2	90	4	8	14	34	0	17	0	18	0	6	8	0	23
V35	7	10	55	0	9	4	0	0	2	0	16	0	8	0	0	5
V36	0	0	26	4	25	21	8	0	55	0	33	2	58	0	0	0
V37	2	77	9	0	40	11	1	4	55	5	2	1	24	0	0	0
V38	0	6	18	15	22	1	2	9	15	0	2	6	0	0	5	0
V39	22	107	49	7	12	1	0	12	2	0	10	0	9	4	0	0
V40	6	0	11	7	4	134	36	5	3	92	4	2	2	0	2	0
V41	0	29	23	42	3	22	4	12	0	0	2	33	0	13	0	0
V42	210	14	90	0	71	18	6	0	36	46	16	0	46	3	0	25
V43	11	56	5	4	47	0	0	2	0	0	1	2	21	4	8	0
V44	14	157	5	27	16	3	0	12	6	0	4	11	0	0	0	0
V45	26	0	10	0	6	14	31	2	12	0	6	0	0	0	0	0
V46	2	62	30	24	7	4	0	0	0	0	4	4	9	0	13	0
V47	3	5	14	10	1	5	0	0	0	4	9	9	0	1	2	5
V48	0	54	3	41	9	4	36	34	7	116	4	13	3	24	0	0
V49	0	15	105	0	23	0	0	0	10	0	34	4	9	3	0	0
V50	0	0	129	12	13	2	0	15	0	0	19	3	0	0	0	0
V51	0	31	81	0	0	20	25	15	4	0	13	0	4	0	0	0
V52	9	112	4	4	15	4	18	8	7	0	0	9	13	10	11	5
V53	188	3	9	3	31	6	0	0	8	0	0	11	15	0	0	0
V54	9	248	30	0	24	39	6	0	25	22	1	13	0	25	0	0
V55	18	29	15	9	0	3	0	0	0	0	3	3	1	6	5	5
V56	22	56	14	15	0	29	0	0	9	33	6	11	0	15	0	0
V57	0	107	1	9	32	17	45	0	7	24	0	0	0	6	0	0
V58	25	12	4	14	5	98	74	0	0	0	3	0	9	0	0	0
V59	0	6	0	6	9	2	57	14	14	27	4	30	0	0	0	0
V60	0	50	0	9	0	0	0	0	2	0	4	3	0	0	7	0
V61	0	27	183	9	31	17	6	34	36	0	26	24	6	2	35	0
V62	0	152	76	4	3	0	24	0	6	27	34	29	0	4	4	4
V63	123	3	121	8	0	44	12	66	1	38	47	25	0	0	0	20
V64	23	27	0	0	2	22	0	0	1	19	0	0	0	0	10	0
V65	3	0	89	36	0	4	0	22	0	0	19	22	0	25	12	0
V66	0	2	75	4	1	17	1	0	3	13	16	1	14	0	0	0
V67	5	0	5	3	2	0	1	0	0	0	3	0	3	2	0	0
V68	82	228	33	0	3	18	18	0	0	9	6	2	0	0	0	97
V69	38	4	1	14	41	6	24	16	32	0	1	9	7	13	0	0
V70	0	8	95	0	9	0	0	0	3	0	27	1	0	0	0	0
V71	0	4	101	2	119	4	0	0	41	0	59	1	6	0	0	0
V72	75	8	19	0	10	8	13	14	4	23	2	3	0	11	0	0
V73	0	19	18	0	47	1	0	0	63	0	2	0	5	0	0	0
V74	0	0	14	46	26	12	1	10	29	22	0	31	12	0	0	0
V75	47	16	5	127	2	0	0	0	1	0	2	57	0	0	47	0
V76	141	123	3	6	0	0	7	18	0	0	2	3	0	24	0	42
V77	73	2	7	0	6	1	1	1	10	0	1	0	0	0	0	0
V78	4	0	2	35	20	69	48	8	43	0	0	0	1	7	18	0
V79	6	20	40	0	75	3	0	0	7	0	22	0	9	0	0	0
V80	153	3	57	23	14	37	3	0	15	85	9	24	3	9	5	0
V81	0	23	0	68	7	0	0	116	0	0	5	66	0	0	26	0
V82	19	11	1	1	0	5	16	0	0	12	2	0	0	20	4	0
V83	765	315	2	35	46	79	44	0	2	57	0	39	75	0	0	0
V84	24	1	1	2	18	3	0	3	5	0	0	3	6	6	1	16
V85	27	1	28	12	0	0	0	22	0	0	9	8	5	0	12	0
V86	32	9	86	0	0	49	9	0	0	8	21	0	14	0	6	0
V87	0	23	0	98	28	0	0	77	13	0	3	18	14	0	0	0
V88	22	24	89	76	91	9	4	13	42	12	20	42	4	0	0	0
V89	0	129	7	63	19	3	2	55	15	1	4	0	0	32	0	0
V90	235	6	97	62	9	93	96	0	54	1	32	73	4	0	0	0
V91	7	1	0	29	79	35	52	0	19	0	1	9	47	1	4	0
V92	121	7	29	41	4	0	0	21	4	0	5	23	5	0	0	0
V93	0	13	12	19	6	8	51	0	5	69	4	6	0	13	43	0
V94	51	40	36	12	3	54	34	28	3	0	25	9	0	5	0	38
V95	8	56	0	15	0	11	6	15	0	0	0	31	3	38	39	0
V96	186	0	14	7	5	24	53	6	7	36	5	3	0	0	0	72
V97	65	14	10	2	20	0	5	0	0	0	0	3	0	0	0	25
V98	80	68	40	45	0	0	0	27	0	0	6	0	1	1	84	0
V99	7	88	29	23	5	46	110	17	1	0	14	2	0	64	0	0
V100	2	6	6	2	18	11	6	0	15	0	0	1	0	0	0	0
