Samples	ID83A	ID83B	ID83C	ID83D	ID83E	ID83F	ID83G	ID83H	ID83I	ID83J	ID83K	ID83L	ID83M	ID83N
V1	203	2	6	43	0	1	15	0	2	83	6	0	23	20
V2	87	666	199	3	8	50	40	2	12	0	104	24	50	0
V3	45	14	22	0	0	44	0	0	39	12	0	2	3	0
V4	85	23	4	31	58	23	3	0	59	25	0	15	13	0
V5	20	35	48	2	1	2	12	0	4	2	15	1	27	0
V6	24	5	22	79	20	21	84	50	17	0	18	76	17	23
V7	4	5	2	35	0	0	44	0	0	0	25	3	0	0
V8	2	67	47	12	93	24	37	3	29	6	45	46	3	3
V9	5	2	1	124	0	2	0	0	0	5	0	1	0	0
V10	15	9	0	20	49	1	39	8	0	0	4	22	11	0
V11	84	39	30	7	75	5	0	64	3	17	0	0	1	0
V12	87	0	1	0	0	7	1	0	18	0	0	0	0	0
V13	7	55	9	6	154	32	5	157	29	0	46	21	0	0
V14	76	7	5	39	23	3	173	0	0	0	58	87	30	0
V15	102	32	30	3	72	26	7	10	51	0	27	0	2	2
V16	188	27	15	23	5	10	2	6	6	0	2	2	6	0
V17	0	79	256	0	6	5	7	3	0	3	0	20	0	0
V18	45	9	5	4	72	36	8	15	60	0	5	15	0	0
V19	10	0	2	63	17	0	0	14	0	53	0	2	1	38
V20	192	0	1	2	0	1	0	0	0	103	0	4	0	14
V21	92	59	30	88	18	7	9	32	2	0	0	2	1	0
V22	35	54	15	28	4	7	34	40	0	0	12	10	12	0
V23	602	204	132	7	0	32	0	2	41	214	0	17	42	0
V24	8	174	79	2	24	10	44	0	13	25	0	4	12	0
V25	4	36	67	154	32	51	9	20	63	0	0	6	0	18
V26	14	13	7	8	126	5	10	0	11	0	7	0	0	27
V27	131	11	2	0	6	25	11	12	10	0	19	23	31	32
V28	102	11	2	21	41	18	0	13	3	34	0	9	26	18
V29	30	9	28	0	33	1	103	23	4	40	28	18	22	19
V30	4	20	57	7	11	245	34	6	159	0	72	0	12	0
V31	14	17	51	225	9	7	0	27	0	0	1	0	2	15
V32	100	9	3	0	46	52	2	57	22	0	0	10	0	0
V33	25	38	38	62	27	85	14	51	131	19	0	0	6	0
V34	0	1	8	43	0	9	0	0	3	0	0	0	0	3
V35	4	38	86	233	0	59	66	7	25	0	12	31	5	0
V36	10	122	186	79	18	0	59	0	0	0	22	120	16	0
V37	66	36	12	1	18	17	6	4	12	19	0	1	0	0
V38	229	6	8	174	23	0	3	14	2	0	0	0	14	24
V39	65	4	0	9	11	150	16	3	38	0	10	6	18	2
V40	0	0	0	7	0	4	2	4	2	0	2	2	0	0
V41	21	1	9	20	1	10	0	0	3	0	0	15	19	0
V42	0	31	15	5	41	0	21	63	2	0	0	7	7	0
V43	20	130	121	43	0	6	11	0	2	40	0	0	7	0
V44	43	2	11	18	4	1	63	25	2	0	80	51	17	33
V45	195	5	0	6	3	2	0	0	2	4	0	0	11	12
V46	45	20	5	11	0	40	7	2	29	45	1	0	2	0
V47	206	96	222	66	35	44	0	0	9	24	0	11	5	5
V48	0	90	47	1	112	83	5	2	82	0	20	31	16	0
V49	154	66	77	18	34	167	11	15	55	0	6	4	21	18
V50	16	1	1	0	11	27	42	0	5	4	24	24	0	0
V51	32	0	0	96	2	25	0	0	16	19	1	0	0	14
V52	20	31	159	37	697	15	1	204	38	0	7	37	2	0
V53	46	34	42	4	212	9	31	148	7	10	0	11	6	0
V54	18	56	50	5	7	3	0	10	0	0	2	0	0	0
V55	180	52	70	105	14	11	34	0	3	22	34	14	24	0
V56	118	33	4	56	147	0	5	100	0	104	0	12	0	0
V57	61	5	0	0	0	44	31	6	82	35	17	0	5	1
V58	0	46	59	11	20	53	101	4	29	5	0	8	20	10
V59	0	31	15	130	10	31	14	0	38	8	0	15	0	35
V60	1	10	2	0	0	2	69	0	0	1	44	59	4	0
V61	9	96	74	15	13	90	139	42	54	0	7	31	16	0
V62	0	84	71	3	3	2	8	18	0	0	23	0	5	0
V63	20	31	40	1	5	259	27	8	25	32	17	19	17	0
V64	108	1	1	106	22	9	35	3	19	191	42	12	20	0
V65	0	35	72	29	0	11	21	0	32	0	1	17	0	0
V66	103	38	4	35	94	8	0	88	4	16	0	9	10	0
V67	86	56	63	31	3	10	43	3	3	0	20	3	35	0
V68	10	12	24	29	30	67	15	31	36	2	0	4	3	0
V69	200	30	41	11	49	3	36	18	11	0	23	0	6	17
V70	33	6	4	14	7	53	9	52	32	0	0	0	2	0
V71	2	7	31	6	0	38	1	1	18	39	0	1	31	12
V72	3	80	43	5	18	0	0	34	4	0	1	1	0	0
V73	0	14	11	0	50	14	65	0	0	39	39	20	2	10
V74	5	129	21	5	0	0	11	0	0	0	1	2	4	13
V75	255	38	17	50	5	3	224	0	9	85	83	0	168	0
V76	79	78	54	44	4	0	6	11	1	79	14	0	13	0
V77	0	159	60	57	14	14	187	37	21	18	68	122	47	0
V78	0	122	66	13	0	75	1	0	60	0	0	0	0	0
V79	85	45	18	4	58	1	0	116	12	0	0	0	9	0
V80	73	25	2	19	57	11	19	110	24	0	27	0	30	13
V81	77	51	33	13	19	80	1	0	16	0	0	2	3	4
V82	46	22	13	12	16	5	15	6	3	78	0	13	8	3
V83	158	25	102	24	6	8	0	10	7	0	6	0	21	37
V84	79	39	27	4	11	49	3	4	15	0	8	0	0	0
V85	7	7	1	53	23	3	4	10	23	0	7	2	0	0
V86	0	20	6	4	36	0	15	141	11	49	0	37	11	0
V87	24	77	32	18	3	2	1	0	5	0	0	30	5	0
V88	13	31	20	39	0	14	15	1	37	1	5	0	9	0
V89	43	4	0	86	0	162	0	8	48	10	0	0	4	0
V90	10	8	16	3	0	0	0	1	0	0	1	0	0	5
V91	21	104	87	12	110	0	76	84	0	0	83	38	63	0
V92	0	7	5	1	0	20	23	4	20	55	21	8	11	0
V93	0	2	16	0	0	20	36	1	21	0	39	17	13	4
V94	19	17	9	9	39	8	11	25	7	0	5	3	0	0
V95	0	3	0	0	9	60	21	0	43	6	16	0	0	2
V96	208	64	69	242	132	4	10	8	0	114	18	16	12	102
V97	68	0	8	0	0	25	12	5	21	0	14	2	4	9
V98	24	48	37	39	2	9	0	0	3	6	0	0	12	2
V99	69	88	110	67	10	8	32	8	7	0	0	0	10	0
V100	2	21	36	1	4	0	17	0	0	0	13	0	2	2
