Samples	ID83A	ID83B	ID83C	ID83D	ID83E	ID83F	ID83G	ID83H	ID83I	ID83J	ID83K	ID83L	ID83M	ID83N	ID83O	ID83P	ID83Q	ID83R
V1	25	4	21	3	0	0	0	14	1	1	0	0	2	0	1	0	1	1
V2	0	76	94	41	10	10	3	2	12	21	0	4	0	17	9	22	32	1
V3	36	9	11	4	0	28	0	3	11	31	29	4	0	30	0	10	0	2
V4	8	23	112	7	12	18	2	41	30	0	0	8	14	0	2	0	5	4
V5	20	8	1	0	21	48	2	11	5	9	14	13	0	0	7	16	18	0
V6	8	0	18	92	69	27	62	34	29	0	2	26	73	11	1	0	0	0
V7	0	43	96	0	0	4	0	0	0	0	10	9	0	7	9	0	3	18
V8	31	1	41	1	42	0	10	1	1	2	5	18	5	0	0	2	0	7
V9	12	77	3	6	0	2	0	3	9	0	1	0	4	4	9	4	2	3
V10	0	22	234	25	20	0	0	18	9	0	13	3	3	0	39	2	3	30
V11	0	0	8	68	0	7	0	57	26	8	16	0	11	16	1	0	0	0
V12	35	5	5	25	0	0	1	5	10	0	0	3	3	0	0	0	0	3
V13	5	3	41	1	53	40	13	0	0	0	0	5	0	12	0	0	0	0
V14	1	15	80	81	84	56	253	31	97	2	0	69	67	5	0	0	0	0
V15	133	36	24	15	2	6	5	9	14	13	5	14	2	2	11	11	10	22
V16	25	16	0	0	13	0	23	0	0	1	1	15	5	10	2	0	0	0
V17	8	24	16	15	0	49	24	12	5	11	1	6	0	34	7	0	0	6
V18	12	14	2	58	0	0	0	38	13	1	1	1	8	1	1	0	0	0
V19	52	0	9	45	0	0	0	8	6	2	8	0	14	0	6	0	0	0
V20	0	2	13	7	25	16	8	2	0	24	10	32	2	26	0	3	12	0
V21	0	95	121	0	0	14	4	1	0	12	1	18	0	1	15	30	0	0
V22	1	4	35	59	30	12	35	76	15	0	0	55	0	16	2	0	0	0
V23	144	54	12	7	0	13	5	1	13	1	0	0	2	0	3	8	0	8
V24	40	12	118	11	5	0	9	3	10	0	0	2	3	2	0	0	0	0
V25	144	49	0	6	23	15	32	3	2	0	0	2	17	10	6	13	0	0
V26	3	0	54	15	12	1	10	4	8	1	0	0	17	0	0	0	0	5
V27	138	9	58	1	0	20	21	4	0	0	0	0	8	0	3	0	64	14
V28	39	6	5	10	0	3	0	1	2	0	4	0	2	1	2	4	0	8
V29	0	182	7	18	0	3	1	2	1	0	9	1	2	6	28	36	0	0
V30	0	203	73	6	5	0	4	2	0	114	0	3	1	7	15	41	2	10
V31	25	26	27	0	0	5	0	0	0	8	2	7	1	0	0	0	0	0
V32	85	21	1	36	0	13	3	25	21	5	1	2	0	0	6	0	25	0
V33	0	80	28	19	18	3	1	11	20	9	2	1	16	0	7	2	4	2
V34	19	14	0	7	0	41	24	3	0	40	91	43	13	2	1	0	25	9
V35	224	42	38	30	12	75	25	7	10	25	15	13	34	20	0	21	11	0
V36	161	3	0	27	0	0	20	29	8	0	0	60	29	24	3	0	0	3
V37	10	0	0	28	0	26	18	34	14	0	2	11	20	0	0	0	0	0
V38	0	28	14	0	16	0	4	0	0	4	0	8	4	1	6	1	7	0
V39	7	3	15	8	0	0	0	6	3	0	3	2	0	1	0	0	0	2
V40	14	16	36	45	0	4	0	4	23	2	5	2	2	1	2	3	0	2
V41	73	17	136	28	30	0	18	16	20	0	0	10	25	11	0	0	44	0
V42	508	0	3	38	0	0	0	13	17	42	78	10	14	0	2	0	18	8
V43	6	111	2	127	0	52	17	45	51	17	7	8	0	11	6	6	0	0
V44	94	125	0	24	0	74	0	8	30	0	0	49	36	0	12	33	0	9
V45	2	53	28	16	41	0	0	1	9	8	9	9	0	10	5	0	1	5
V46	14	5	5	187	0	0	8	222	62	61	62	0	15	8	0	0	0	0
V47	24	6	34	26	0	1	0	10	12	0	0	5	0	0	2	2	0	0
V48	0	5	0	0	31	3	5	0	0	0	0	11	3	8	1	4	0	0
V49	2	0	0	10	18	57	20	4	1	12	14	8	2	17	0	0	0	0
V50	1	32	0	3	13	2	4	22	20	0	21	19	4	0	6	28	0	0
V51	66	9	1	45	23	41	109	15	15	3	4	18	5	19	0	0	0	2
V52	52	2	14	1	0	0	0	0	0	1	1	0	0	6	2	2	1	15
V53	1	5	12	29	0	4	2	33	26	37	14	4	0	0	1	0	0	1
V54	6	8	40	50	0	2	0	52	10	0	0	2	24	0	4	0	0	0
V55	115	0	3	0	28	29	55	0	0	0	1	24	0	39	0	0	0	3
V56	1	2	2	29	5	12	3	18	24	0	6	0	17	5	2	8	0	0
V57	40	28	11	16	0	33	6	23	8	28	24	10	20	3	0	25	0	0
V58	13	64	2	2	23	15	2	8	2	0	0	10	8	12	0	5	0	0
V59	419	105	0	13	2	7	0	7	11	7	0	2	0	18	18	24	0	0
V60	58	28	0	0	0	0	0	0	0	0	0	0	0	0	11	9	0	11
V61	0	20	129	6	13	56	26	3	0	1	12	0	12	0	0	20	3	7
V62	152	44	104	189	0	0	5	152	164	2	0	2	24	5	0	0	0	38
V63	65	0	166	9	195	76	67	2	0	10	11	0	1	27	5	0	14	0
V64	53	2	9	3	0	8	0	1	3	3	0	2	0	0	0	1	0	0
V65	28	2	1	1	118	85	57	0	1	10	0	64	0	37	2	0	0	0
V66	23	6	0	270	0	5	0	36	81	8	27	0	22	1	0	0	0	0
V67	0	15	1	9	220	26	81	0	2	0	2	25	26	0	6	29	0	1
V68	60	24	0	9	23	45	16	10	7	0	1	6	12	0	0	6	18	0
V69	3	16	80	296	104	54	44	89	101	27	11	32	33	0	13	0	15	0
V70	0	35	6	0	0	10	0	0	2	11	11	0	3	0	15	0	0	0
V71	33	0	8	69	95	35	38	38	70	0	0	0	20	0	0	0	21	9
V72	166	3	0	2	30	13	37	0	1	2	0	0	5	22	5	5	3	0
V73	26	157	18	2	10	0	0	1	2	0	5	13	3	0	0	0	0	5
V74	135	62	0	0	18	22	7	0	0	13	17	0	0	0	51	12	0	18
V75	22	0	76	36	84	31	12	4	4	0	4	19	7	17	2	7	0	18
V76	66	14	88	5	12	0	22	1	1	27	35	2	0	0	3	0	37	0
V77	18	12	156	70	28	23	32	34	36	11	17	0	6	10	3	0	0	9
V78	24	3	0	1	0	0	0	0	0	17	14	0	0	12	0	0	0	0
V79	161	64	1	4	9	26	7	10	7	25	22	6	0	2	19	18	0	4
V80	90	106	14	24	0	36	16	9	8	58	55	0	2	11	10	2	0	11
V81	14	11	4	0	19	4	16	2	0	3	31	8	2	0	0	20	38	0
V82	204	169	3	3	20	133	20	0	0	58	50	34	1	77	65	0	0	20
V83	2	74	25	0	0	0	2	0	0	32	65	1	0	24	4	4	0	2
V84	318	0	0	14	0	8	6	3	10	0	3	10	6	0	0	0	0	49
V85	6	0	4	13	4	7	6	7	0	15	10	8	0	8	1	0	0	0
V86	1	148	1	0	0	0	2	3	2	21	27	1	2	1	10	32	0	0
V87	70	24	0	12	37	17	0	13	5	0	0	17	25	0	0	0	0	6
V88	2	149	0	10	36	13	8	0	2	8	0	5	8	0	21	5	0	0
V89	52	89	71	6	0	0	0	10	16	9	0	1	0	0	20	17	26	13
V90	10	3	1	49	156	47	100	22	14	1	0	43	53	34	0	3	0	0
V91	37	60	49	8	0	2	0	1	4	18	1	0	11	7	3	9	7	0
V92	33	118	128	37	14	9	4	2	12	11	0	3	0	0	24	17	0	0
V93	16	0	23	24	0	0	0	17	33	13	7	1	7	0	2	0	0	1
V94	4	46	1	16	12	0	19	9	5	56	67	5	11	73	24	0	0	0
V95	15	37	10	45	0	3	4	39	18	2	0	1	8	0	11	0	0	0
V96	19	101	0	33	0	0	4	27	19	1	4	2	5	0	9	3	0	0
V97	5	0	6	0	0	9	6	0	0	28	16	0	2	24	0	0	0	0
V98	50	8	80	14	0	18	23	3	2	25	30	0	15	32	5	0	0	0
V99	23	12	4	11	0	0	8	0	1	25	7	5	12	14	0	14	0	6
V100	9	24	40	1	31	52	12	0	1	21	6	19	42	1	15	5	0	0
