MutationType	ID83A	ID83B	ID83C	ID83D	ID83E	ID83F	ID83G	ID83H	ID83I	ID83J	ID83K	ID83L	ID83M	ID83N	ID83O	ID83P	ID83Q	ID83R
1:Del:C:0	0.003461288195103407	0.0	0.0038924722466617823	1.4012984643248171e-46	0.499465799331665	0.020313103077933194	0.03801521956920624	0.019885354791767895	0.042785970866680144	0.015397451072931289	0.08997413326313045	0.1537674367427826	0.22928735055029392	0.010184024460613728	0.0039062154752173227	0.01608440697309561	0.0019959814846515654	0.0776898916810751
1:Del:C:1	0.0006565103656612336	0.0012480675228289328	0.00043530267430469394	0.0	0.11069245394319296	0.023418451473116875	0.01262845117598772	0.011091298703104258	0.0007215518970042467	0.04424304217100143	0.05699300393462181	0.07528629102771447	0.028968410938978194	0.005566192045807839	0.018315677565988155	0.008114277198910714	0.0016888230107724666	0.028932689502835274
1:Del:C:2	6.326859838452492e-05	7.247769799505477e-05	4.202351556159556e-06	2.7035214252890682e-05	0.001992776212392755	0.0008275842065970096	0.0015368673950433732	0.005477417475594848	0.00046977799414662515	0.00621598656871356	0.0027889752760529517	0.0038486508652567863	0.002437186078168452	0.0002864376991055906	1.3774273099897983e-08	0.0005210080326833122	5.7262368500232697e-05	0.0058508958667516705
1:Del:C:3	0.0011144769685756729	0.00024413661135946064	0.00012245247489772737	0.001036140814085229	0.009678771859034896	0.0049952920759096745	0.005309945228509605	0.003414449468255043	0.0027378076309105383	4.6751779336773325e-08	0.014342939853668213	0.00285223014652729	0.003268972830846906	0.003395054931752384	0.005505026085302234	0.020371316652745008	0.013827024400234223	0.029090307652950287
1:Del:C:4	0.0006941089093530195	5.1855883144469316e-05	2.8025969286496343e-46	0.006953267930748552	0.021573192569752563	0.0010496744929753277	0.0016161456067635526	0.0008747939951717854	0.004786941847766002	0.0008302274010532074	0.011703072236809931	0.004789105280542572	0.027149086367586506	0.004402140050660819	0.001683124879468778	7.186064522102243e-07	0.04401474094179321	0.0006884015921741593
1:Del:C:5	0.0017236439045518637	0.00020104571630099599	0.0	0.023338276846334337	0.0	0.0012403168948367238	0.010767547320574522	0.0005401158239692449	1.0907630212386721e-07	0.00022828418295830488	0.0	0.012602307740598917	0.0031250730389729142	0.005681072035804391	0.016875898517565702	0.02199457064270973	0.006124979630112648	0.013381530579164292
1:Del:T:0	4.950586662744172e-06	0.003802290454041213	0.0015606592192625613	0.0019093115348368882	0.06871274374425411	0.016278869233792646	0.02324021402746439	0.027202846575528385	0.015737353428266942	0.016513532027602196	0.05903928205370903	0.22024599686264992	0.09418685752898455	0.019050517305731773	0.007405233150348067	0.02808237299323082	0.009248827630653978	0.05699855163693428
1:Del:T:1	3.5127013120472836e-08	0.0	5.042612727379492e-09	0.001172220671037394	0.039830998554134564	0.004996094882358193	0.016872255952330308	0.0035747481533235257	0.0	1.0225948301467725e-07	0.017739267246861347	0.11998704075813293	0.010897760978213	0.0015653583614721356	0.0005838246617940968	0.024625587136847572	0.014787677843776237	0.010338422914082912
1:Del:T:2	0.0028069211024444483	6.444889586418868e-05	0.0005366390687413514	0.004342050850391388	0.07218088656663894	0.006875532190315425	0.025397323304787278	0.001625030511058867	0.0008059597574174404	0.004051578789949417	0.0650875988880216	0.07266641870251078	0.04920525746420026	0.0023292490979656575	0.0	0.07237273341966528	0.004342461377382279	0.04879399808123708
1:Del:T:3	0.002194094844162464	0.00017305853843936348	0.0013108644453268426	0.008226179895927999	0.05520743365075305	0.0007440617342808764	0.03891729212085835	0.0	0.027147765986774174	0.017190072685480118	0.2755605235695839	0.03084734911099076	0.06474072765558958	0.01733095208182931	4.203895392974451e-46	0.045681900903582574	0.008569661885303503	0.029265664544254832
1:Del:T:4	0.0041427511867368596	0.0007189713534899056	0.0	0.016509892884641886	0.05539681538939476	0.0	0.06539076007902622	0.0	1.4012984643248171e-46	0.004081778600811959	0.22492599189281465	0.04342009983956814	0.07727329209446906	0.027437790110707284	0.0065913503523916004	0.028057717159390448	0.04368894342333078	0.03893298087641597
1:Del:T:5	8.583800195083314e-08	5.6051938572992686e-46	8.631963055449887e-08	0.8857577681541443	0.025387948441346	1.2879684788913438e-06	0.6650337228961689	0.014926113557157806	1.3138254416844576e-06	0.012356576997890584	6.715647998589702e-06	2.704595908653573e-06	0.01627093862791753	0.3630330767482519	2.244547880536629e-06	0.0001378050120138141	0.016389713684725395	4.9997761607301076e-06
1:Ins:C:0	0.00013486623636040917	2.612724287587298e-07	8.982132300161538e-07	2.841393808239445e-07	1.2823707322695556e-07	0.003663188884252122	7.555754407917447e-07	0.003344944080959067	6.973629069761955e-07	1.5750350712551153e-07	1.8798601814751237e-06	2.1432115886454995e-07	1.8188179069511533e-07	6.294348224855639e-08	1.4882441163877046e-07	3.8649608598007034e-07	9.743303763798394e-08	0.0005432019411387046
1:Ins:C:1	6.559260157246172e-08	3.6149974533827847e-07	6.677501335641267e-05	2.6909409953645993e-07	5.177280399948359e-08	0.001345119222366975	2.869561022578182e-07	0.002653358320606003	6.479365083578159e-07	0.00016559601696144454	3.395823938490139e-07	2.2392417520222807e-07	1.5083465711995814e-07	0.0026933801239124476	0.0005566678382571411	1.189176532534475e-06	3.241912978069195e-08	6.843633258313275e-07
1:Ins:C:2	7.372744476796811e-05	2.7663651280818157e-08	8.324469090439379e-05	0.0010118021677790524	1.1971972639912566e-07	0.0004984444040360359	0.0005182225014337405	0.0030343202052563354	6.738579386933452e-07	0.003389034300619187	0.0015123631700760143	6.067802701181791e-07	0.0005261379768398911	0.0006135287844287518	8.791327232415825e-07	0.0011885100519691606	0.0013650735086542908	0.0038147941917372917
1:Ins:C:3	2.0141780012750133e-07	1.6650933503115085e-07	3.015378922555101e-07	0.0003560543629163249	2.9011923174948606e-07	4.856331834446337e-08	0.00015518263733014238	6.13452584730112e-07	4.750849517165534e-05	1.5112298683561677e-07	2.419475009673988e-07	5.416324825091579e-07	2.653323605272817e-07	0.00020593496851546434	1.1028340409779958e-07	1.6752365411321079e-06	7.370233959136385e-07	5.975475573904987e-07
1:Ins:C:4	0.00036588998045772314	0.00024220256915725714	0.00012355554576970462	0.0008145427563647445	0.00018373095404342621	0.00268546836450696	0.0009180928580462932	0.0005215112585176485	0.0003942293719291001	0.003013635885849908	0.002022655940368168	0.0009478471837951474	0.003727978539376409	0.0013970263651572167	0.011282805271457618	0.0125562137534871	0.00216124999224121	6.18799003859749e-07
1:Ins:C:5	0.009495064189184176	0.0	4.97208209708333e-05	0.006943479997198665	0.0030188048026502656	5.292787932376086e-08	0.0041430501468255445	1.31105407490395e-06	0.00605021363030005	5.4044124908614324e-08	0.012120438658243415	1.4012984643248171e-46	0.00059187481592744	0.006509178598611243	0.002485869425618148	0.22751539200544357	0.008265506294526404	0.003863593345931804
1:Ins:T:0	0.0008864147079293616	4.3283653212711215e-05	0.000658825968275778	3.589563846162491e-08	0.005192702244130487	0.0048738447017967704	0.002396767493337393	0.000548623176291585	0.0	0.01815391154959798	0.020454909363184014	0.0297554817982018	0.01303670359775424	0.004480471136048436	0.0038525534089785653	0.00394117667201499	2.0992583813495002e-07	0.014034510699571002
1:Ins:T:1	1.818017874910538e-07	0.0	0.0004766911456272283	0.0002489317712047523	0.008167499164119362	0.0016834546886457247	0.004137260523478403	0.0033154407424490274	0.0020401772111654282	0.012076183372676042	0.009962133318185806	0.02822486937352551	0.007583833239505111	0.02135122892501613	0.0052503761678863725	0.002652750857760111	3.333432141516823e-05	0.008244355861097574
1:Ins:T:2	0.0	2.2067777081247186e-07	3.924642200558992e-07	0.0019562908244552092	0.0002526965690776706	0.0004891587539532338	0.003311730407540381	0.0013530112015359918	0.001783997615126509	0.003710002917796373	0.00237818412058175	0.006257038158832984	0.00015907921767848164	2.0114021737072107e-07	0.00026856039185076954	0.0014609848149120808	0.0019332143114297652	0.00016425616340711712
1:Ins:T:3	0.001925517181672376	0.0	0.00012416481257560008	3.659211245121696e-08	1.8636814047567896e-07	0.00042290613055229187	0.0019516500864426689	0.00030950403306633233	2.9578303610833246e-07	0.0	0.0050821137991079015	0.006151947361649946	0.005034613961015566	0.0003912745687557617	0.037025525327771903	0.004007911868393421	0.00985402911901474	0.04416653212974779
1:Ins:T:4	0.007351466426348452	0.0	2.4405707677033206e-08	0.004193776423559825	0.0005032407449107268	0.0004116013646125793	0.0036881012213171973	4.609430325217545e-05	4.25590599206771e-08	1.3842032058164477e-05	9.984250937122852e-08	0.00273215863853693	0.005011183489114046	0.0016652321879519149	0.001214245389527946	0.044599091021382264	0.08377118092030286	0.00796059165149927
1:Ins:T:5	0.9381458163261414	1.377869671159715e-05	0.0035726115857869444	1.8287316834175725e-07	3.363116314379561e-45	0.01778542548418045	5.6051938572992686e-46	0.02534389597781228	0.006145387248614043	4.263294977135957e-06	0.02030918877571821	0.02715900338475876	4.014212863694411e-05	0.00899775130856142	0.6836936749517918	0.19825777858495713	0.43197927144910864	0.02225368450198058
2:Del:R:0	7.677515874320307e-05	0.0002497432571104241	0.00013047720422036945	1.0149199169973144e-07	0.0022842205478809776	0.006063221934891771	0.0018633348527146154	0.007475405000150204	0.0007727915834266242	0.01981801986694336	0.008908467335231762	0.019275885075330734	0.009749492025002837	0.0006352982018142939	0.0019965400220826267	0.004421170195564627	0.00015113959088921546	0.002088620141148567
2:Del:R:1	0.0014127531674148486	0.0	0.0	0.0005781120233223191	0.0027027646153506167	0.007855873288733762	0.0003660381382530886	0.005049308216842974	1.0336000741517637e-06	0.022878419168864638	0.003924261126667261	0.01809513035109376	0.005585653587058914	0.0004884344611213009	0.0037880083080381157	0.0368324039503932	0.001517171466093714	0.05609639436006546
2:Del:R:2	0.0003186038094554533	0.0	9.014831547915492e-08	0.0017763988043043356	8.977076783764915e-05	3.543949560480541e-08	0.0029829107301551972	8.847675053402781e-05	0.001691874435745433	0.004823418003627467	0.0	0.005725695582805201	4.6496902541548477e-07	0.0031027336148781613	0.0	0.00248850628981927	0.00015344071434810757	0.004652083292603493
2:Del:R:3	0.00017324428520453238	6.12186546788962e-08	5.2655516924460245e-08	0.0007997787869527429	1.422937352835163e-07	0.00022827611745519506	0.00010715267528951244	0.0004897757387663404	2.3740410597383744e-07	0.00022732769554920652	4.6173129106819035e-07	6.795181320740085e-07	0.00024343485294409106	8.456790587558771e-05	0.0011769339479521079	2.181593367822643e-06	0.000242932347327951	0.0013375130781810185
2:Del:R:4	2.4574707424562803e-08	1.2879131361387409e-08	0.00013569240618380718	4.021129385023414e-07	1.1822950796158693e-08	0.00041239259024763444	0.00046995082541343434	0.0009881741366598363	0.0004916565646396976	0.00011148988772902158	0.00034683359401697087	0.005323446545315846	0.00025643952927225657	0.00013513041094768142	0.0033915553241968153	0.00016284496213074816	0.0019713856713906353	4.51389968247895e-07
2:Del:R:5	1.9741650767457485e-07	2.0583859026146455e-07	1.5779973381313538e-07	3.8170052789610055e-07	2.715736009406555e-07	0.0006525055027374549	2.890687575529682e-07	1.824438315622956e-06	8.42745212992213e-07	0.00031104898776739275	4.3408874859096615e-07	3.278642282111832e-07	2.6035252318479254e-07	1.7319475524857354e-07	0.0004059581000963597	9.226142594798147e-07	4.67078504584606e-07	2.86865929126634e-06
3:Del:R:0	2.2951438540985692e-05	7.89690064266324e-05	0.0007449131353695293	0.00015010250952514071	2.014339997913339e-07	0.008011573645080716	4.358192524023252e-06	0.019358922065953264	0.0006218527251121486	0.010011807632827186	0.0009369356858769607	0.002272080257534981	0.0024494100362062454	0.0031694512667883147	0.008698085468495265	0.002884344945891826	0.013329569542406716	2.0461357053136453e-07
3:Del:R:1	0.002132106926882216	7.1038144255908264e-09	3.901629384017724e-08	0.00018899037290509568	0.0003942083567380905	7.458662594217458e-08	0.006659585130250889	0.005063484757664582	1.3321365486262948e-07	0.0031594346886322454	0.009268760938391551	0.00022202629488674575	0.00023077784054379436	0.0015491824131458997	0.049956102852411276	0.012652518546929059	0.008064023109363916	0.11348736956715584
3:Del:R:2	4.049896986657586e-08	8.365532266907394e-09	0.017743413150310517	0.0010241558753818936	1.6986738702164364e-28	0.0012203831317151525	0.0022659644974964976	0.0043442903938895935	0.36769541427493097	1.4012984643248171e-46	0.0023736356113658987	0.0015353530219613277	0.004665904711328039	0.017644979027534192	5.561267585107999e-07	1.790026828984992e-07	2.2507182961817306e-08	0.0021349800110556315
3:Del:R:3	0.0012008767163052881	0.00015312731590810813	3.7823733123332205e-08	1.2881460946800872e-07	4.8636954797132145e-05	0.001161366514833162	0.00035221553345863297	0.0026723001249024493	2.1908683174842734e-05	1.4012984643248171e-46	1.9897704532922945e-07	2.835701934600365e-07	0.00016292839517859648	0.00016571087318197896	0.0004920824780128896	0.0015454142792123093	0.005228211530254612	0.007244262759209618
3:Del:R:4	2.6467635763083306e-07	2.5589518486413e-07	1.8025756105544132e-07	3.669902824299243e-07	3.739747294950746e-07	8.559448474443344e-08	3.9808583451872437e-07	5.596170538524347e-07	1.049602198577304e-06	4.6926552883519433e-07	4.834597646663497e-07	7.222510987503483e-07	4.1662131096131815e-07	3.706348579157748e-07	3.9069367474553474e-07	1.1623830545204327e-06	9.397220480877877e-07	1.2207215490889212e-06
3:Del:R:5	2.6467636899951684e-07	2.558951720743607e-07	1.8025755750272764e-07	3.6699029379860806e-07	3.7397469956346183e-07	8.559449220513215e-08	3.980858430452372e-07	5.596170680632894e-07	1.0496020962591502e-06	4.692655295457371e-07	4.834597604030933e-07	7.222511229088013e-07	4.166213535938823e-07	3.706348564946893e-07	3.906936704822783e-07	1.1623828726214924e-06	9.39722082193839e-07	1.220721657091417e-06
4:Del:R:0	0.0	3.431239292694954e-08	1.8804988144438538e-08	3.126118986074289e-05	0.0004961711684956071	0.005761790795941124	0.001612941146038338	0.0009578312662966937	0.0	0.011112612586612159	0.0	0.008773039054409537	0.001523799222195521	0.0005430757776963447	0.00020169087786143792	0.002504211889055341	1.8819950753368176e-08	0.0022390476711052544
4:Del:R:1	0.0001404768419490665	0.0	4.1272627981925325e-08	0.0009077337950230913	0.0038001712939149	2.7717594548448686e-07	0.0010322840856645144	0.001395877281902358	0.0	4.430209964993992e-05	0.0	0.03674992879739421	0.0003786463863264089	0.0007035426674200096	0.01042075309669599	0.011755980067698069	0.0013720205218987758	0.002739153988659382
4:Del:R:2	9.068156714420184e-08	0.0	0.00025618920245449315	0.0006829086807556451	0.00021751175333690754	0.00014008533671869828	0.0009288877817198226	0.00011892634748278397	0.00035208845396823564	0.0006003172090686349	8.864739163527701e-06	1.696994218036707e-07	0.0039556046889742905	0.0008986967039845695	0.0	0.001928158849477768	0.0	0.002844816439528586
4:Del:R:3	9.608816604611548e-08	5.194372988626128e-07	1.9241709097173044e-07	3.1440584713493536e-07	9.316750890775438e-08	1.961293692431809e-06	7.830902852390409e-07	0.0011740137623455383	2.684206106096099e-06	0.0005324362360141777	5.861200023105084e-07	4.7070462017018144e-07	0.00014169042375300478	0.0004499353216090185	6.353063781716628e-08	6.533760114280085e-07	3.709744042623697e-07	6.801263168654259e-07
4:Del:R:4	2.6271297741686795e-07	9.230716813135587e-08	1.1589227462138752e-07	2.47127739072539e-07	4.50865789503041e-07	0.0004412993351376571	3.3723026859888705e-07	0.00017876949392245934	7.341688501583121e-07	6.463825052094307e-07	3.8390944894217683e-07	2.1064651434699046e-06	5.612370344465489e-07	1.2054241267378528e-07	2.0349934573005158e-07	1.0428589575894876e-06	1.1404887047206103e-06	0.00034398008343998753
4:Del:R:5	1.828349519783501e-07	1.7868714934365927e-07	1.4495934763658624e-07	0.00016647317794280526	2.6331922935440845e-07	3.442049525403945e-08	7.635356979562858e-07	4.109769665916474e-07	1.0088867782087617e-06	7.956093185157443e-07	1.0329660966590382e-06	6.489093095751742e-07	0.0004371750499799987	3.7711721809330356e-05	2.506613093089527e-07	1.1316167655373023e-06	6.616193791941782e-07	4.792979126477804e-07
5:Del:R:0	2.49581489697448e-08	0.0	0.022768726931099083	5.919049499425455e-08	3.7572544897557236e-07	0.29379257187247276	0.007805477827787399	0.4052890375256538	0.06409097491439297	0.008032885006105061	0.015321719751932505	1.4012984643248171e-46	0.11334338672459125	0.0072457646951079365	0.04250038266181946	0.0003750881412997842	0.014605197986065832	4.624284932271896e-45
5:Del:R:1	3.7674329433912135e-08	3.6425082683422263e-08	7.164236380674538e-05	0.004306985154465792	2.378606694719565e-07	0.0001777308890268614	0.013074982305988669	6.268483376601353e-05	0.000491439651496961	0.0009136403703791984	0.0012006169768142172	0.005585206835530698	0.0025638017544679314	0.00345204722571566	9.514916143871232e-09	0.0027572175445868654	0.00031614947565685727	2.959028051918722e-07
5:Del:R:2	6.705798050177236e-08	1.4942876553902805e-07	0.00011659633780922719	3.6902537772220965e-07	0.0007620411312359466	0.0002930531278252602	0.0002142241109268639	4.089097615178616e-07	0.0019353485607723543	0.0001906281852399161	0.004923172439072232	0.0032442581346060705	0.0023888649418950083	0.0021619748868857867	4.762178207329271e-09	7.676649025825099e-05	0.0013786623596274694	0.0046025116615361125
5:Del:R:3	3.353570887298929e-06	0.00011588448099075777	0.9363776385784149	1.2343812933579557e-06	4.203895392974451e-46	2.6443453293722997e-08	2.3673521809541853e-07	0.0028911970540804076	0.4222058981657028	0.016130641569725414	5.474513272929471e-07	5.057007001596503e-07	7.998209189611217e-17	0.30717642239336557	6.066219384592841e-07	0.003491002221335293	1.5468675286456347e-06	0.027081952297407952
5:Del:R:4	2.0744967130781333e-07	5.929909772106612e-08	9.59101747355362e-08	3.2503055820143344e-07	2.783324735133874e-07	0.0007035569309699951	4.203467966590324e-07	0.00044489908933087463	7.583426651081027e-07	0.0012605889001321203	4.663947152039327e-07	6.384017968985578e-07	0.00030473079005730595	2.6692988015497575e-07	5.070974602006118e-07	6.699303966684056e-07	0.0037508459673290416	3.8139318235153043e-06
5:Del:R:5	2.646763718416878e-07	2.5589517775870264e-07	1.8025755927908448e-07	3.6699029095643707e-07	3.73974711287417e-07	8.559449220513215e-08	3.9808583451872437e-07	5.596170353783236e-07	1.0496021189965177e-06	4.6926553807224993e-07	4.834597632452642e-07	7.222510944870919e-07	4.1662137206799343e-07	3.7063486502120213e-07	3.906936917985604e-07	1.1623829067275438e-06	9.397220594564715e-07	1.2207216173010238e-06
2:Ins:R:0	0.0001316260517256751	0.00012144848535413643	1.157909657933942e-07	2.0935035465186048e-07	4.367141884031866e-06	0.001182901890770438	0.00016820671381498898	0.0038527492712773894	2.294628188792558e-07	0.0002908243368381136	1.4144989677333796e-07	0.0022793326243771618	0.0006583977094123839	0.00017259446670792045	0.00026373113962456783	1.324551988091116e-08	0.0017713247786787178	0.008585622425161431
2:Ins:R:1	6.997798287500246e-08	2.5459893081603013e-05	1.0616471740831913e-06	1.2868006311350656e-05	0.000813348754411436	0.0017023736277650414	0.00038749427099844526	0.0013783433911385146	2.0714551283163018e-07	0.0012506538439197358	0.00028249034846226093	0.002071495172009463	0.0017313884458701524	4.461821517907083e-05	7.540159276686609e-05	2.215739868915989e-07	0.0064102637101726145	0.00433279081157707
2:Ins:R:2	4.940214529085552e-05	5.775924094564289e-08	1.6848751727138733e-08	0.0007131880570909743	0.0008100742684646889	0.0	0.0006400356863125011	1.0432467547616398e-07	0.0003400479840962589	1.6594669887126657e-07	0.005546899480000889	0.0010055784841597414	0.0019499292575204663	0.0005827325328880307	0.0003678525914438069	0.0024560050063882955	0.0	0.0023424509521646542
2:Ins:R:3	5.154727806413462e-05	0.0002910435841386061	2.6078609494106786e-08	4.353560711933824e-08	5.009208223327733e-07	0.0002735965579745425	0.00010015930090077064	0.0007498369840732266	1.1824634214008256e-07	0.00023955844808369874	2.705290029991758e-07	8.399026114602748e-08	0.00019334575208631576	8.35699337898177e-05	0.00036003874847665427	9.621329866149608e-08	0.0010801912898912747	0.002586957717051064
2:Ins:R:4	0.0007627659766683337	4.287125816553328e-05	1.669685190108794e-08	0.001445622205443442	1.760941614747935e-08	1.0716592413473336e-08	0.00033960299303288367	0.0	0.00028979241359365914	0.0016087058931589127	0.002573217690394358	1.4675438251288142e-07	0.0	0.0025937585672636486	0.004158185301665185	0.011768121347813576	0.004250564411688629	0.004270499504877989
2:Ins:R:5	0.011496039107441902	0.00015337191198341315	1.2639672775094369e-08	0.012035411596298218	0.0009409763850271701	0.0016744118416681885	0.004604079201817513	0.0019407261395826935	0.001957816444337368	0.0016830522567033769	0.004423334077000618	0.0033892021514475346	1.4012984643248171e-46	0.020237145852297543	0.0018769685458210005	0.06442946195602417	0.04162231360096484	0.019013733230531217
3:Ins:R:0	1.1052496240004928e-05	1.508729454258173e-07	8.645093873411724e-05	1.0347051002668194e-07	2.509912292225636e-07	0.0004737258041302539	1.2270707543393656e-07	0.00024876256060508696	7.372043626219238e-07	0.0014467679307415438	3.731033189069422e-08	3.96960365378618e-07	0.0004540749248668874	0.0008560576947161281	0.0016071913896183788	1.5889863391294057e-06	0.00017820146975751073	0.002458756462561951
3:Ins:R:1	0.0	2.2095610674455202e-09	0.002245887513765865	3.8666198278747286e-07	0.0022711238788190257	5.2320029908514695e-08	0.0016729659834425093	0.0	0.0007388595025986433	0.00042580710723996165	0.0020315153149340404	0.003595841637030617	0.004040447212173603	0.0003400681024857022	0.0002771864395270995	0.000362496974065607	0.003050153342260842	0.006134322285652161
3:Ins:R:2	6.3534351539829e-07	1.7307347874861989e-07	1.2002501534880138e-07	6.550716106232813e-05	2.5260227010903692e-05	8.619267646281515e-08	0.0010437739347054277	0.00014244175361568522	0.00027793489265377503	0.0003282030113041401	0.0009391117065053578	2.5963347098922896e-07	0.0004697763446159797	0.0001792887161911949	3.308128384560405e-08	0.00031806820436983683	0.0002507887730949676	2.2503330853851365e-06
3:Ins:R:3	2.8015639621514763e-07	1.3388090422949971e-07	0.0011830333200123278	1.8353590576225541e-07	4.196897478436767e-08	8.097173633814237e-08	2.587821697375148e-07	8.34742749589168e-08	0.007408848451450467	4.1032672015717253e-07	5.833798786625266e-05	2.1648380226224618e-07	1.0262269682925762e-07	0.0005341154453901709	0.0002960573504054764	0.000228797823763216	1.8609751890608094e-07	6.972241777702947e-07
3:Ins:R:4	2.646763725522305e-07	2.558951734954462e-07	1.8025755892381313e-07	3.669903108516337e-07	3.7397473544587e-07	8.559449966583088e-08	3.9808583807143805e-07	5.596170638000331e-07	1.0496021644712528e-06	4.6926552030868154e-07	4.83459771771777e-07	7.222511072768611e-07	4.166213592782242e-07	3.706348579157748e-07	3.9069370885158603e-07	1.1623829124118856e-06	9.397220082973945e-07	1.2207215718262887e-06
3:Ins:R:5	0.0011072704411756007	9.117913890577256e-09	2.4402572051940298e-08	0.0017238083030996164	8.498937730649914e-06	0.00039922115973354264	0.002987256151391193	0.0011415406945161522	0.0025846226652333827	0.0	0.0018320962757798042	0.0013987346989893013	0.0010226571946361674	4.934183366245292e-06	0.0016065165393577274	0.004898273479193449	2.223746662366466e-08	0.0007945496588945388
4:Ins:R:0	1.6406387821632505e-07	1.4770309419986916e-07	3.5271207110554315e-07	6.94333976717587e-05	0.00035549419035305616	0.0023931142524816094	1.5041873865584422e-06	0.0021377573260622285	5.269815630981611e-07	0.001088799551888542	0.00069303721950007	0.0007438492041927702	0.00032671704748281626	0.00011906866948088179	0.0016877590338417292	0.00017483517852951992	0.002006505682575721	0.0003763697358749596
4:Ins:R:1	0.00020311611404437712	0.0	4.4575652901812644e-05	0.0005097699138616463	0.0003711027218585627	0.0	0.0006711503340866898	0.0	0.0	0.0011850963573863283	0.00016433744458481668	0.0050136545347271525	1.8305797766515752e-07	0.0010149638514235448	0.0007153944626452358	0.0003710414628187664	0.00255134559336625	0.008442717447439917
4:Ins:R:2	2.4689960298474034e-07	0.9898678660392761	4.1137035111660225e-08	5.281268911971893e-07	0.0002587622939927314	6.905601708240283e-08	4.355050293725071e-07	2.4673037444244985e-07	1.3369558530484938e-06	0.007047660481478602	0.014743772837488223	1.7159007878575494e-06	6.046287353456136e-07	0.043657487300728805	0.02733709926105803	3.37386786100069e-06	8.866706366461586e-07	0.12406896398665594
4:Ins:R:3	1.5321201388474036e-06	1.9033471758689303e-07	7.196206155413166e-08	7.777142807938731e-05	1.0926450073611705e-07	2.978573370171489e-08	3.4120035792284397e-07	0.00014331567267049649	6.442484902891011e-07	1.1866486886447092e-07	1.6363820179776666e-06	4.5873634064719225e-07	0.00022788530792681173	1.5869769285359325e-07	8.730877993912145e-08	0.0016746904117098892	3.410233063618762e-05	0.0010836020279043623
4:Ins:R:4	0.00011906806167232276	2.570830162085258e-08	7.11828814115023e-08	4.71769337252681e-05	1.4380071178266008e-08	9.562324834178071e-08	3.721027427445733e-05	2.020189896256852e-07	5.983317645785746e-07	0.00023385640640469774	2.743725275422548e-07	8.152206021350139e-09	2.13375886914946e-07	0.0003456390280945243	0.0003141582059015491	0.0015996217138322776	0.00037140701327871285	1.0778554837997944e-06
4:Ins:R:5	4.708914441664547e-05	0.00011502845877835455	0.000370400022393369	0.0025710595175652885	0.0	0.0011747964425012469	0.0008156974823606333	1.9854589226042662e-07	0.0031572182295690255	0.000630688073431429	0.0055001557346543	3.5360392303118715e-07	0.0014444292972314089	0.0033228227660686118	0.0	0.02195040479714123	0.0022470603394552312	0.008542869176358181
5:Ins:R:0	2.399463248536904e-07	1.873951823938569e-07	1.3119626025570595e-07	2.8490636410083426e-07	5.183490802807001e-07	0.00023393360885712867	3.66942528984282e-07	7.830624397797692e-07	9.17788861443114e-07	5.421391477966608e-07	3.7974248101591e-07	5.86847809813662e-07	4.240531559673855e-07	3.6719747313895824e-07	8.728985783079679e-07	9.217398201144533e-07	9.864059904884925e-07	0.0020648556223420655
5:Ins:R:1	0.0011650119878822806	0.00013430015999347234	1.6119270185299684e-08	2.8188266583129006e-07	0.0	0.0032548807439525262	0.0008601034646062544	0.018398783428597198	1.4012984643248171e-46	0.005636244793566903	0.00316254650396246	0.00928182303905487	0.012040683008500253	0.0006127221517772341	2.5486880986136386e-06	0.010031332168728114	0.006485795134642558	0.05867771970251852
5:Ins:R:2	8.33584612365712e-05	3.4699128725890205e-07	3.982619851683467e-08	0.00046564680068996724	2.572623372998351e-07	5.6134095416382476e-08	0.00020204817629014825	5.3604441063725974e-08	3.444160057597401e-07	2.9289458325365557e-08	1.8901013731920103e-08	5.507886669420258e-07	4.059298248648702e-08	8.281741949502929e-05	9.169964826369892e-05	0.0013214357255890263	9.663243767192853e-05	0.0014422605239587938
5:Ins:R:3	1.708723623039532e-07	3.7285572886958105e-07	3.0106189524303772e-05	2.153972019414141e-07	1.8808084689680982e-07	7.783189985843819e-08	2.219922212276515e-07	7.526705275040512e-07	0.000203466016463949	0.00025852034922770886	2.7098949146875383e-07	1.5924996318972263e-06	2.377752913673703e-07	0.0003300273344279958	3.5827013675771015e-07	6.288814859090053e-07	4.731748802555558e-07	7.333155281230574e-07
5:Ins:R:4	1.407854598234337e-07	8.328583380290411e-07	9.096385142015606e-07	1.942911495689259e-07	0.0001693760770336894	4.5437487727895134e-08	2.2080771486798766e-07	4.306234572482026e-07	3.6106239718947108e-06	5.572603669179444e-07	0.0001417129603765943	3.6006946686484297e-07	3.965234924407923e-07	0.0026087202587703473	2.477236776599057e-07	1.2209961397502411e-06	0.0012313510809235594	5.464605948191092e-07
5:Ins:R:5	1.5386434668585025e-07	1.299552778277757e-07	1.7132348375525908e-07	0.00020747638042237782	3.365439752656253e-07	1.4314592995390284e-07	2.955136665150349e-07	4.684291425860465e-07	7.64094744454269e-07	4.737416645639314e-08	4.389237034274629e-07	0.0006357800460818908	1.1164859756718215e-07	0.0002843062344339842	3.281978223412807e-07	0.000474261107248708	7.363920623504327e-07	0.0017505629821187086
2:Del:M:1	0.0027320987293549593	0.00016662728187384347	0.0	0.00011603761231526732	0.00015384210631737006	0.006040399546100162	0.0013107454515790095	0.0006124742383917692	3.8973366827121937e-07	0.009268875831571677	5.046055093771429e-07	0.00755610428750515	0.0009606166569028574	0.009953553159721195	0.0032286692410707475	0.0005558409957302501	0.04089540836046126	0.004003716807937962
3:Del:M:1	6.569684387613962e-08	0.0003765880636564134	1.6435981393669862e-07	0.0	0.0005027151741501257	0.012362006001694681	7.422107155434788e-05	0.008328825208337776	3.3695395131871917e-07	0.0001147069785702115	0.002475360871540033	0.00525491351945675	0.004123021743674826	0.007421831584611027	0.000928408697092209	0.0026133053461080634	0.024471689081156	0.017781716934405268
3:Del:M:2	2.660536324583518e-08	1.4547979674262023e-07	0.00016374446246061324	0.002880056340654846	0.0033254791795116036	0.0017325927050023892	0.0020206991146778817	0.0016428727245738628	0.0021501867100596427	0.0231013680401702	0.00010785569766085246	0.0026608808897435666	0.011327502178028226	0.007304095865794125	0.002762371331527902	1.697997868177481e-06	0.003146043117158115	0.009357439622203857
4:Del:M:1	4.3606768063142455e-08	5.544589896544494e-07	3.4561386800646685e-05	4.089135501317287e-08	3.5018980710788127e-07	0.0038547005494365292	0.0006043687850027623	0.00480548928193798	2.4750107741056127e-07	0.007938235261372028	1.565972306138974e-06	5.527845246433571e-07	0.006072473152050862	0.005675912037311548	1.6468075614284317e-07	0.006046191598193218	0.002672509370380283	1.8155492824689646e-07
4:Del:M:2	0.0	1.090818818738626e-06	0.0	0.0007731770772920754	0.0010556169684605265	6.703305871269549e-07	0.003518313434324227	0.0009153602946042838	0.0005521588958799839	0.0015252330152094374	0.0029032528894390452	0.0024138331720962468	0.00392939335801259	0.00044892463471342127	0.00037903333393387586	0.0	5.424549453891814e-06	0.004999357764609158
4:Del:M:3	0.0007027272865535395	0.0007895161117289718	0.003095275128725916	0.00015075727346243185	4.510834696702659e-06	0.0001190666049325273	0.0007787621570059855	0.00013923004735261202	0.0035503855207934974	0.010463134199380875	0.0021051995456218718	0.0	0.0010483999611011542	0.0014978114631958306	7.10832013282925e-05	0.004701732978560358	0.0036838633473962545	0.0063538110814988615
5:Del:M:1	0.0005149630233063363	0.0	0.00137520432472229	1.0535621595408883e-05	1.122992352975416e-06	0.35067443549633026	0.005522514407505241	0.21469689591658608	0.002928786911070347	0.33114485791320475	0.0	2.441124024699093e-07	0.057232351530547024	0.002971851453162344	0.008965048836120103	3.249157862228458e-06	3.414680759306066e-06	0.02258332692753129
5:Del:M:2	0.0	7.673938398511381e-07	9.813020795945703e-09	0.0005529895611203983	0.0	0.07798080706825203	0.0010600210464815519	0.09664510765942395	5.076627712696791e-06	0.2455935873091221	0.0009039535332362903	0.0	0.06982407458472153	0.0033200834412127735	3.9025451883389903e-07	0.004393670523859328	0.07635647832294126	6.745104428773629e-07
5:Del:M:3	0.0	0.0003301493807441602	4.967029781255405e-07	0.0	0.0	0.05118857827037573	3.0229973049245016e-07	0.03320129379353602	0.0018024902631509575	0.05595550686120987	0.000934688188135624	3.5645957723318135e-07	0.015520218269375618	0.01797720277972985	0.013093163818140852	0.004012885051400872	0.005331675105117029	0.004168448827965676
5:Del:M:4	9.426504257135094e-05	2.9584748659772233e-07	3.6134569825208016e-08	9.255401778318628e-08	0.000687094083610873	0.027229943274141986	1.1805810800069594e-07	0.01043158301577023	0.0	0.021210558759048582	0.0031125935005093196	1.1682091934517302e-05	0.005023393847292823	0.00131727201751346	2.1588526522009488e-08	6.941836261376011e-07	0.013603380182757974	0.0018536720057170442
5:Del:M:5	0.0	0.00010334869168886485	0.0	0.00015325810527428986	5.847169859407586e-08	0.014535682237439573	0.004884852112247984	0.011310216031483833	0.0	0.008529798726158333	0.006133549004880478	0.0043230744885931925	0.009468760084553196	0.005889581982046366	0.0	0.009489243584778252	2.4008265597785793e-09	5.997706580274098e-07
