MutationType	ID83A	ID83B	ID83C	ID83D	ID83E
1:Del:C:0	0.28424928784370423	0.0666712436825037	0.0403030164539814	0.019449619017541407	0.004791329661384225
1:Del:C:1	0.03939761184155941	0.014077492896467448	0.026156597398221494	0.0	0.005334043898619712
1:Del:C:2	0.0016234842824331963	0.00021509403189767795	0.0020710587268695235	2.4339399533346296e-05	0.0005408999142623827
1:Del:C:3	0.004298077966086567	0.003865820192731917	0.004755179700441659	0.0	0.0021492015453986823
1:Del:C:4	0.0059821987990289925	0.004216332291252911	0.0003291272922069766	2.5791427469812332e-05	0.0
1:Del:C:5	6.46757107588769e-05	0.010555205028504133	0.0	0.00038237424240321615	0.005635385238565505
1:Del:T:0	0.03557978942990303	0.02841373924165964	0.037314945459365846	0.0	0.00333737485925667
1:Del:T:1	0.01706714052706957	0.004167534946464002	0.015527009591460228	0.0	0.0017963544989470393
1:Del:T:2	0.03225297555327415	0.024804892390966414	0.006170547194778919	0.00016668340376213564	0.004113918406073935
1:Del:T:3	0.039436426013708115	0.041135312616825105	0.021163064055144787	0.0	0.0002902314081438817
1:Del:T:4	0.03800188265740871	0.055599988996982576	0.006489778286777437	0.0	0.00856113180052489
1:Del:T:5	5.745763118625291e-08	0.675093549489975	3.4594181119729226e-08	0.004351579360513824	1.6888784273305646e-07
1:Ins:C:0	1.729247998127903e-08	8.014978703840825e-07	0.003507737535983324	1.2881837934131114e-07	1.2315202226886868e-07
1:Ins:C:1	9.613767603191547e-05	1.122314745387598e-05	0.002061409200541675	5.358684482814624e-08	6.26260236558096e-08
1:Ins:C:2	0.00025563294971178154	6.467416326927378e-08	0.0017585106194019317	1.520880630323518e-08	4.222938336795323e-05
1:Ins:C:3	0.00018805096022127542	0.00027152388502145187	0.0	6.789157236397614e-10	0.00031348872871603815
1:Ins:C:4	0.0013584701053332537	0.0008616205945145339	0.0008678707265062258	0.0002447274106089026	0.0014268315368099137
1:Ins:C:5	0.00031021640170365573	0.007225274760276079	0.0013381675773416646	0.0015177672583376988	0.018339008465409277
1:Ins:T:0	0.005764076742343605	0.002655736304586753	0.006083710701204836	0.0005452094585418176	0.0012598535657161846
1:Ins:T:1	0.0029811193468049168	0.0014489695060092346	0.006852105259895325	0.00013604494743049144	0.0
1:Ins:T:2	0.0007447799143847078	0.0011885679443366826	0.00012644049566006287	0.0	0.00013136699599272105
1:Ins:T:3	0.0004918380553135648	0.0011449436569819227	0.00044709448120556773	0.001354562205960974	0.004413100448437035
1:Ins:T:4	0.00017905702552525326	0.0032554372563026847	0.0008046082868531812	0.00025173215854437105	0.017587978299707173
1:Ins:T:5	4.468702172744088e-08	0.0003390211464704862	0.010614805593854726	6.410765536202234e-07	0.8688547134399414
2:Del:R:0	0.004352204210590571	0.003034347703214735	0.00776739651337266	0.0009653503337176516	0.003035471134353429
2:Del:R:1	0.0012247673548472448	0.0024046189384534953	0.009419874381273985	0.001466307031660108	0.0021466215403052047
2:Del:R:2	0.00016948687369406913	0.002131038624793291	0.0003881453181179495	3.036569687537849e-05	2.4686235753744446e-08
2:Del:R:3	3.3336775473458145e-08	0.0012516583257820458	6.49906586325244e-09	4.191607470005465e-08	2.3158552721724844e-06
2:Del:R:4	0.21341679692268373	0.0	0.0	0.013793277873264741	0.00035914701134629465
2:Del:R:5	3.20975378720334e-08	2.202278719387607e-08	0.001148240821203217	0.00025559779496617805	0.0002016338933273687
3:Del:R:0	0.00018362948906736065	0.0009086458700611644	0.011193628702312709	0.0008631076876554289	0.0005000573222787352
3:Del:R:1	0.002366735867690295	0.004097316041588783	0.0018114220642019064	0.00025462099511059933	0.004077344480901956
3:Del:R:2	0.0024578023236244916	0.0008363923840136068	1.683088299841984e-08	0.07025561928749084	0.00017642934690229595
3:Del:R:3	0.0017598628357518465	0.0004084678519166829	0.0011982715281192214	0.00014645028859376906	0.0008777201437624171
3:Del:R:4	2.5701537254008144e-07	3.6778891967514935e-07	2.8930123221471147e-07	2.479408351518941e-07	4.3544268919504247e-07
3:Del:R:5	0.0026351455599069595	6.031681433205094e-08	0.0002880894372591314	2.487301721032509e-07	2.0752126630441126e-07
4:Del:R:0	3.265519135311479e-05	0.0009622215264244005	0.007878830283880233	0.0	0.0014170264366320851
4:Del:R:1	0.0033883267315104604	0.0035716796759516	0.00317176200915128	0.000546271272469312	0.00047696364927105603
4:Del:R:2	0.000236215353099567	0.0007050675385002591	2.9107011630458147e-05	0.0	0.0010415239307477008
4:Del:R:3	0.1358964204788208	1.61534245535222e-08	1.782533161076572e-08	0.004550350639078715	1.5603842484779307e-08
4:Del:R:4	2.5701537254008144e-07	3.6778891967514935e-07	2.8930123221471147e-07	2.479408351518941e-07	4.3544268919504247e-07
4:Del:R:5	1.1821891803265316e-07	0.0001777942755126105	8.573783547571878e-08	5.7992169999465657e-08	1.789762983150922e-07
5:Del:R:0	0.0028966615150551435	7.022811817307684e-05	0.23224402517080306	0.0035688191795998137	0.00015107814215298276
5:Del:R:1	0.10993248298764229	0.0020409040102776998	4.779668554384386e-05	0.006939060194417835	2.7598288099284216e-10
5:Del:R:2	3.10761975796936e-07	2.2250082452046626e-07	2.4271380141271946e-07	0.28937711715698244	7.195912615998168e-07
5:Del:R:3	2.5701537254008144e-07	3.6778891967514935e-07	2.8930123221471147e-07	2.479408351518941e-07	4.3544268919504247e-07
5:Del:R:4	1.2863741432056487e-07	9.249694556956456e-08	0.0003206891764421016	8.491666392274055e-08	3.149572946892221e-08
5:Del:R:5	2.5701537254008144e-07	3.6778891967514935e-07	2.8930123221471147e-07	2.479408351518941e-07	4.3544268919504247e-07
2:Ins:R:0	0.00016567527273423366	0.0008898961285012774	0.0018650577869266272	0.0	0.0001155464384060778
2:Ins:R:1	0.0016787027125246823	0.0005463974700401053	0.0007054860470816493	0.00037677625805372373	0.0
2:Ins:R:2	9.69010540475157e-05	0.0010325878742150963	0.0004937139298167636	8.15903696661735e-05	5.494262349046153e-05
2:Ins:R:3	0.0	0.000222560296242591	0.0004935288452543318	8.891788283555968e-05	0.00032298946401745356
2:Ins:R:4	0.00033631686819717287	0.0005270281617413275	0.0002864912528821151	0.0007393182488158346	0.00276007114443928
2:Ins:R:5	5.617740680463612e-05	0.007862366177141667	0.0013058375334367156	1.9577790963154483e-05	0.01841166652739048
3:Ins:R:0	0.00026911712615387275	6.99090703548677e-08	0.0002936593498635176	1.7801925800142727e-08	7.790370711724393e-06
3:Ins:R:1	3.349373610621598e-05	0.0003430628300115757	0.001724308234406635	0.0002484249034170105	0.00042227440790156836
3:Ins:R:2	1.491317291879568e-08	0.00017642117777825206	0.0002487583372605684	1.639938433939392e-08	0.00016993371055473716
3:Ins:R:3	2.5701537254008144e-07	3.6778891967514935e-07	2.8930123221471147e-07	2.479408351518941e-07	4.3544268919504247e-07
3:Ins:R:4	3.842417510320217e-05	9.018478497324622e-09	5.1903771947081624e-09	8.583925658598446e-05	0.0006043471218788454
3:Ins:R:5	8.36605065288154e-05	0.001369527244241908	0.0	4.581892816588606e-05	0.0008018672143862204
4:Ins:R:0	9.281900274800136e-05	0.000668930262049372	5.250043158619988e-05	0.0005794753904410754	0.000496862205909565
4:Ins:R:1	0.0009328259649919346	0.0011475395353045315	0.0019554504659026863	0.0	1.191573488767972e-08
4:Ins:R:2	7.283616255335801e-05	8.146655012808424e-08	0.00016743273929584746	5.484284884005319e-08	1.237454576141772e-07
4:Ins:R:3	1.049047163803607e-07	0.000177297202796467	8.274010951936361e-08	1.0487649682034327e-07	1.2188284609360167e-07
4:Ins:R:4	2.3331480369925827e-08	0.0004946056156768464	9.404947498126148e-06	5.175599788742602e-08	0.0002202930194584951
4:Ins:R:5	4.6962259675426e-05	0.0015093137422809376	0.0008321602072101086	3.890373889703369e-09	0.0023431654321029783
5:Ins:R:0	5.410153232077164e-08	8.401418449821563e-08	0.0002788988475572296	1.247031434559176e-07	0.00019370142957448878
5:Ins:R:1	0.00047485511749982833	0.0009990873266360722	0.009354291018098593	0.016900620609521865	0.0033471284317784012
5:Ins:R:2	2.5701537254008144e-07	3.6778891967514935e-07	2.8930123221471147e-07	2.479408351518941e-07	4.3544268919504247e-07
5:Ins:R:3	3.054925137080389e-05	0.0003777154837734997	1.0731300115196519e-08	9.047504221371127e-08	0.00014442595438816098
5:Ins:R:4	2.3364170714401666e-05	8.44155617812703e-05	1.1842112588311692e-07	1.4540867248058477e-07	0.00017202159050704323
5:Ins:R:5	1.2849667569980737e-07	1.5570471108006244e-07	1.1895936269379348e-07	1.0804143677489719e-07	0.00017409800124710273
2:Del:M:1	1.1899429495088043e-07	0.0012321516285808797	1.9301267002447274e-07	0.556278282403946	1.2042330723716078e-07
3:Del:M:1	0.0010555057144301827	0.0012402358348481356	0.007773316418752074	0.0002898881166402134	0.0005283070320729166
3:Del:M:2	0.00027352495235390963	0.002137183374725282	0.0034582977765239774	0.0002554732760472689	0.0023911201278679073
4:Del:M:1	0.00015978657335118384	0.0005332859940573087	0.006464308267459274	6.197623276733566e-05	5.734800172678689e-05
4:Del:M:2	0.0008525837081833742	0.0010787337756482883	0.0022895044297911228	7.0394959720943005e-06	6.865605246275663e-05
4:Del:M:3	0.0013207655516453086	0.0006356011166644748	0.0004194340493995696	0.00033915725252882113	0.0009528265611152165
5:Del:M:1	0.0	9.014343875293206e-05	0.2895598918199539	0.000632565584146505	0.0013005046761122685
5:Del:M:2	5.9443665989533656e-08	0.00023060989279457544	0.12121455594897271	0.00012373639758678223	4.772658925844553e-07
5:Del:M:3	0.0004685549872135653	0.0006012431474673007	0.04690532088279724	1.386863033303598e-08	3.66245842542412e-09
5:Del:M:4	0.0001617271876323656	7.274626841535792e-06	0.01417951164767146	0.0013792715544695966	0.000551207131229603
5:Del:M:5	0.0	0.003962033928837627	0.016016139555722474	0.0	1.5723575117476684e-07
