Samples	ID83A	ID83B	ID83C	ID83D	ID83E	ID83F	ID83G
X01b0848c.ae36.4ade.a3da.d297b003c99f..Panc.AdenoCA..DO51493	16	295	764	0	1209	41	24
X02c97e2b.914e.4afc.bf50.78f0cfbfa67b..Panc.AdenoCA..DO35184	3	72	92	32	17	13	5
X02e5c36f.5bec.45e2.a048.875653b85ca1..Panc.AdenoCA..DO34616	61	256	65	138	18	37	1
X03c3c692.8a86.4843.85ae.e045f0fa6f88..Panc.AdenoCA..DO32831	305	267	291	102	512	29	0
X046d7386.95c8.4501.9e55.c85bec272a7a..Panc.AdenoCA..DO34432	50	96	85	133	5	3	3
X05070acd.3ec1.44bb.9c32.26d3a483a72a..Panc.AdenoCA..DO32860	191	195	3	82	12	57	0
X0554ffe5.31f7.43f5.8372.2b73c9cf3527..Panc.AdenoCA..DO49076	0	372	22	111	15	37	2
X079bcb09.a075.4313.9a3e.dd67734a8c5d..Panc.AdenoCA..DO221540	98	432	239	36	13	25	40
X0972bfcf.c6c6.48cc.b820.cdfa6279a4f3..Panc.AdenoCA..DO51467	108	86	63	166	22	135	37
X09cb8bc5.13ac.44ac.9b7d.6de143373570..Panc.AdenoCA..DO51524	149	160	83	112	41	73	93
X09e1fe3e.bfd8.4175.ac42.0e1bf0ba5523..Panc.AdenoCA..DO51500	153	410	60	110	25	30	23
X0b29c893.03bf.4131.b192.c14a2788d411..Panc.AdenoCA..DO49418	625	258	52	192	20	264	27
X0cf9bbc2.cbd5.4b64.8d90.cfa416307b39..Panc.AdenoCA..DO33488	66	192	189	111	21	42	23
X0efee3f3.313b.44eb.b3b0.af975a1ded82..Panc.AdenoCA..DO49442	2	135	12	156	24	34	0
X0fbd94b1.bb34.4620.841b.861a0b5e0c12..Panc.AdenoCA..DO49087	56	160	160	96	27	24	11
X0fc63b79.7fff.441d.88fc.922d53c787ab..Panc.AdenoCA..DO51535	15	62	87	103	7	8	21
X1168944c.5451.4a18.8758.88bf5723bdd9..Panc.AdenoCA..DO34680	20	56	260	0	739	94	0
X129459c1.38be.45da.bb87.18848c97c544..Panc.AdenoCA..DO51536	23	245	123	101	7	57	19
X12f038e1.00af.4c64.a2e0.9e63323492ef..Panc.AdenoCA..DO33512	110	177	170	145	21	18	0
X1327bbd4.a466.4e26.905f.cf91315f1cc8..Panc.AdenoCA..DO49422	69	139	85	37	21	32	4
X1447c8cb.25d4.4092.8919.4df08f898d2d..Panc.AdenoCA..DO32984	148	275	119	46	9	33	0
X170ad241.9e24.469b.b7ca.3fd783a89b21..Panc.AdenoCA..DO49430	170	266	191	31	28	69	11
X1776f326.b12f.4355.8107.80fa6fcd2159..Panc.AdenoCA..DO51513	35	65	29	142	12	26	0
X183b04f5.107f.496c.8e9a.8263dd00cffa..Panc.AdenoCA..DO51491	443	517	308	109	32	66	0
X1a0ef226.41a5.4b56.9078.4b7834f0c976..Panc.AdenoCA..DO35376	71	210	41	64	22	24	70
X1a841850.fca0.48ab.8c78.db0bd5a64435..Panc.AdenoCA..DO33344	440	435	165	184	12	67	0
X1ac54c6e.a1e4.4f3b.b4a5.cdb327e0dca6..Panc.AdenoCA..DO34817	34	301	26	107	6	68	0
X1b0fe1d5.b286.4f49.ae92.94d9c6db9657..Panc.AdenoCA..DO35230	193	166	0	106	14	58	43
X1c28e44a.6e6c.44ed.b58a.e3262c0e6759..Panc.AdenoCA..DO51544	89	148	26	124	10	35	23
X1c9fbe26.1447.4335.aaab.06d6bb3e2741..Panc.AdenoCA..DO49078	77	39	38	129	16	21	1
X1e181878.c640.4e91.a620.3fc4b08a4de1..Panc.AdenoCA..DO33008	37	185	0	109	523	11	0
X1f81a1b0.8089.44ef.87b5.b3359a407ad2..Panc.AdenoCA..DO33128	4	29	77	67	17	10	5
X20d1b88b.3ff6.4201.a748.6a993500c652..Panc.AdenoCA..DO32972	18	51	83	44	10	7	4
X2102558b.87b0.447b.bb9a.e4ae9df8b75e..Panc.AdenoCA..DO33032	350	312	0	120	11	51	0
X21b1a37f.e91e.4ce1.83cf.bb89b8d0fb35..Panc.AdenoCA..DO33028	8	153	131	67	19	25	0
X228fb827.c05e.494c.8a21.e1d925e100cb..Panc.AdenoCA..DO51537	196	261	0	152	5	46	0
X230f53ef.be3f.495e.9b95.b0f670bd6908..Panc.AdenoCA..DO51508	0	10	7	0	2	11	24
X241abdfd.e6de.4830.a233.4bbc5f622725..Panc.AdenoCA..DO49138	192	307	197	69	36	59	0
X2564a262.03e8.467b.9ea2.f3ab38d75ae1..Panc.AdenoCA..DO49457	310	614	27	70	5	61	0
X25c32aca.6738.43ef.a103.243f2f9a3b43..Panc.AdenoCA..DO51492	63	88	87	62	7	26	7
X25cf7449.8c5b.403e.aa75.e2af158598e8..Panc.AdenoCA..DO33208	99	109	19	120	15	21	0
X28f41a20.b6d6.4ecc.888f.72f779ad9af7..Panc.AdenoCA..DO49442	0	225	36	119	29	29	74
X29a00d78.b9bb.4c6b.b142.d5b8bfa63455..Panc.AdenoCA..DO35144	161	224	0	126	10	12	0
X2b3837b3.ee29.4a08.848e.1206404da986..Panc.AdenoCA..DO49448	75	163	83	88	15	13	0
X2b6d4d66.7f0b.4bc0.b3d6.171956a937c5..Panc.AdenoCA..DO49166	64	85	32	91	1	7	8
X2bd9ccca.3fae.4b66.a762.6f30d6276222..Panc.AdenoCA..DO35152	160	373	188	0	26	48	2
X2bf5b018.9f19.4fbd.9e1f.7d958aabe5d1..Panc.AdenoCA..DO51489	0	0	194	257	92	18	24
X2c48eefe.2a08.47bf.8e4d.cbaab6777150..Panc.AdenoCA..DO35222	13	108	18	75	0	14	16
X2e43e0ca.54ea.482e.acf2.0048d9187a5c..Panc.AdenoCA..DO35258	151	162	109	87	18	25	2
X2fdfb06c.0d2f.4e1d.9756.bcb08a7f90af..Panc.AdenoCA..DO221546	30	31	235	11	38	23	29
X31c75873.abb4.4d88.9e2f.07497a6c892d..Panc.AdenoCA..DO35082	131	170	389	93	41	35	61
X32fa6457.c8bd.4d26.8106.925baf13df68..Panc.AdenoCA..DO51518	139	407	160	41	12	30	0
X33061bf5.9b99.4735.a810.f2d5eeef6873..Panc.AdenoCA..DO33392	62	145	0	88	39	35	4
X33070975.0f35.4518.9ffb.4c6170c32534..Panc.AdenoCA..DO33160	108	117	160	56	20	2	0
X33bcd589.80db.4a58.8f83.a48cb60e0fda..Panc.AdenoCA..DO35148	10	29	10	102	12	0	0
X368e592d.260c.4f58.81c4.a9f1e6177a4b..Panc.AdenoCA..DO51549	69	93	169	42	0	82	54
X3933c60d.73d6.4f74.ae02.fd545fc1f092..Panc.AdenoCA..DO51541	56	86	85	197	45	20	32
X39c6c3b3.4683.4d11.984c.ed589188da65..Panc.AdenoCA..DO51527	155	564	131	194	28	62	89
X39d38c06.3779.4ca4.b103.1d096f93dae8..Panc.AdenoCA..DO51532	65	177	130	34	18	31	31
X3b526846.72d6.4e10.b7cd.8cdb45a92a1c..Panc.AdenoCA..DO34736	90	373	297	38	547	30	0
X3bfbc33d.804b.4bb3.97ac.97563d77b13d..Panc.AdenoCA..DO33376	68	271	191	4	17	23	0
X3c86ba21.7b11.4ec7.9d20.a2325197c676..Panc.AdenoCA..DO33042	55	88	109	106	17	17	0
X3e4d0e50.8cf4.4eb0.a00a.ccf0484ecc2f..Panc.AdenoCA..DO33984	56	173	17	78	38	11	0
X3ed783cf.2248.44a1.a2a2.d6b6519b91ef..Panc.AdenoCA..DO51495	57	106	0	227	175	11	0
X3fb8f017.576f.4901.b8bf.3a58e5d43de3..Panc.AdenoCA..DO35138	8	47	12	53	3	8	2
X3fba4880.cb7b.4ac5.ab5f.728614faa1ea..Panc.AdenoCA..DO49466	101	457	87	90	13	47	0
X40378b7a.a65d.4510.aaba.a34c4058fac7..Panc.AdenoCA..DO49424	134	291	167	78	39	30	0
X42f00950.09c9.461a.8423.d5b04a96af10..Panc.AdenoCA..DO51472	36	151	168	38	11	7	34
X441d2f21.b448.4fc8.8c54.9b85aca56237..Panc.AdenoCA..DO35126	190	186	91	51	15	58	13
X4652ae03.b096.42d0.bdfa.3f6281d4f023..Panc.AdenoCA..DO35236	130	229	264	98	23	22	30
X46e166fe.3b20.49ad.98db.42c854c61c93..Panc.AdenoCA..DO51470	156	130	0	107	5	16	39
X4a4e0397.8702.46ef.aaa8.3980f03a40bf..Panc.AdenoCA..DO51521	0	0	0	0	2	0	16
X4a88981e.e409.440f.9bf0.71ca1bab8b4e..Panc.AdenoCA..DO51534	71	306	29	112	0	36	38
X4aa7eabc.0419.4897.b7af.5dcccfd6ac2f..Panc.AdenoCA..DO51476	224	6	0	305	555	52	40
X4c027164.12de.456f.b933.6bc91f70b46f..Panc.AdenoCA..DO49478	80	184	48	159	10	18	3
X4c4aa1b1.fda3.4c5b.b588.68aa727500ad..Panc.AdenoCA..DO51543	120	272	63	130	14	46	64
X4cbe411b.b05e.46bd.bea8.126289a0866c..Panc.AdenoCA..DO49090	174	218	89	106	15	50	2
X4db9e471.0068.4ec6.9bcb.33ef5fdec33e..Panc.AdenoCA..DO32976	20	214	163	50	19	20	0
X51458c86.0fdd.470e.b059.1ffbffc92a7f..Panc.AdenoCA..DO34288	107	98	74	97	15	10	4
X5187e77d.f412.4303.8049.11d1aa1a0235..Panc.AdenoCA..DO49419	174	405	240	0	1054	18	5
X5255d645.d3d2.422e.8449.046cd21f4935..Panc.AdenoCA..DO34809	97	54	146	131	35	28	0
X52f43b72.15ea.40a0.a3b4.4bf22bc0bf25..Panc.AdenoCA..DO49427	66	151	48	98	9	4	10
X53534b3c.cd15.4d68.a9b1.6902bb234c45..Panc.AdenoCA..DO33552	343	600	118	44	905	110	0
X536dedba.46c4.4a21.b112.13c030b13069..Panc.AdenoCA..DO35442	6600	0	850	0	0	301	0
X53e6a756.bdcc.4217.afe7.27d776159544..Panc.AdenoCA..DO35360	23	90	0	321	105	22	38
X54195db3.94a9.4538.8bb8.9953d936acd4..Panc.AdenoCA..DO221544	60	233	0	394	774	67	6
X541f91bd.7e9d.4348.9e78.45b948d8967e..Panc.AdenoCA..DO34961	27	348	115	182	53	17	0
X5650dc4e.8bce.4716.9199.cd5750d7a888..Panc.AdenoCA..DO35496	19	95	127	32	36	23	45
X569ff1b4.de87.4309.8484.80549aaf9485..Panc.AdenoCA..DO35200	0	13	62	8	5	1	5
X5b41e033.6df8.411e.a13b.59eeb8afbf9b..Panc.AdenoCA..DO33000	182	327	238	39	37	17	0
X5d9ff58c.5702.48fc.a66a.d1276327fd49..Panc.AdenoCA..DO51520	120	416	126	281	70	80	29
X5f94cb62.4019.47ff.bf6a.eeda8e9e033c..Panc.AdenoCA..DO49129	116	196	13	138	20	36	8
X60aff7a0.4960.4ed1.922b.3233ccbfdba1..Panc.AdenoCA..DO34336	34	175	116	57	9	35	0
X60c33e32.7e19.4e71.b075.a63fcf27e660..Panc.AdenoCA..DO49454	38	227	39	108	16	17	21
X60e78c80.41a5.456a.9a81.9007d18fd72c..Panc.AdenoCA..DO49137	72	263	132	105	32	33	0
X6297aa77.37a0.4f46.987b.32bd8653c0c2..Panc.AdenoCA..DO51490	78	215	38	80	32	51	36
X631ab9d0.5400.400c.b0bc.c3e576bcfe06..Panc.AdenoCA..DO49433	66	178	18	111	5	18	5
X644c669b.937b.4adc.81b9.6a1811cba9da..Panc.AdenoCA..DO49484	86	178	112	59	11	29	4
X654dba9f.cfe5.4121.97c7.868613cdef53..Panc.AdenoCA..DO33077	0	122	139	128	17	3	11
X65d2dbc3.a163.4696.b246.47a430e66572..Panc.AdenoCA..DO51514	393	242	52	106	25	45	59
X66290cc6.1f1f.4a0b.83d1.423952da4840..Panc.AdenoCA..DO49481	30	68	102	34	10	9	5
X6867811f.ac89.47da.b5dc.1270033c36e7..Panc.AdenoCA..DO49454	57	246	35	120	18	18	9
X68ba1105.569a.4209.9b45.0e2d64931806..Panc.AdenoCA..DO33152	215	301	0	128	16	44	9
X6ad44218.d34e.4126.bf56.1be2140cd3fb..Panc.AdenoCA..DO51484	41	231	51	56	22	63	42
X6b20f942.7b89.497c.8a2e.ccce74d20ca9..Panc.AdenoCA..DO49421	68	273	144	59	29	24	11
X6bdf00f6.670f.466e.87fb.e853e41f000e..Panc.AdenoCA..DO34504	29	46	0	228	75	1	0
X6fc0cb07.9713.4355.8543.f85d1c5505c2..Panc.AdenoCA..DO51529	320	648	368	0	31	44	55
X70dd8453.11d3.4105.a8d0.6a755c52495d..Panc.AdenoCA..DO51540	91	163	105	74	10	38	14
X71ef8379.03a0.4b81.92c9.1ba666fe4d7a..Panc.AdenoCA..DO49127	82	179	3	116	6	38	9
X7266ec7b.4824.4b88.910e.e9bfb848d55f..Panc.AdenoCA..DO35290	245	97	161	80	13	26	12
X72a5e569.99d4.47bc.be1b.6296a5025080..Panc.AdenoCA..DO33264	209	381	74	99	12	62	13
X72f82fbd.9838.4082.b605.bc3d80226f16..Panc.AdenoCA..DO35116	307	434	6	423	42	117	105
X73058c80.607e.4b55.b112.8f8f6775d014..Panc.AdenoCA..DO51479	17	91	119	71	12	12	0
X7410c00d.ed0b.48dc.a4bf.eb76ac613980..Panc.AdenoCA..DO33400	115	254	72	180	50	69	4
X748d3ff3.8699.4519.8e0f.26b6a0581bff..Panc.AdenoCA..DO32833	48	132	17	77	16	18	0
X754d26af.f184.497c.856a.cd1ea7a5115c..Panc.AdenoCA..DO51546	9	46	100	79	28	30	6
X75cd90ef.e884.4812.bbf3.5a524d95147e..Panc.AdenoCA..DO51481	58	147	41	78	17	19	52
X75fac59c.3346.4c5a.bb9f.fb67fec8d13b..Panc.AdenoCA..DO34264	26	220	38	132	3	55	6
X78100212.65aa.4365.8b64.4b33f77732d5..Panc.AdenoCA..DO49113	138	374	139	94	22	52	3
X78103d9b.0b8a.431e.bb58.5c99fbea12e4..Panc.AdenoCA..DO51474	8313	9280	0	59	1249	2813	320
X7981bbf3.dceb.4d89.900c.555967e97921..Panc.AdenoCA..DO35118	0	223	0	0	0	5246	0
X7b318282.5df4.42bc.b1e0.0e4a66ba9204..Panc.AdenoCA..DO34720	35	123	47	55	15	31	5
X7c43c006.d917.4915.b304.65995b6c0d46..Panc.AdenoCA..DO51522	127	80	105	78	31	11	43
X7cb71498.6ada.43c6.912b.bad4f93cf580..Panc.AdenoCA..DO34905	943	254	55	0	1192	43	11
X7ccb9a4d.6f48.41c2.a630.27fde8c67d60..Panc.AdenoCA..DO34696	60	237	102	102	35	24	9
X7ccee959.1e87.4a39.b6b3.840ddcb94995..Panc.AdenoCA..DO51510	91	249	0	210	794	40	41
X7d04f401.3505.410c.8def.0348ecd8aae2..Panc.AdenoCA..DO51542	165	155	35	122	10	19	9
X7d7fff91.3f69.4123.b514.140ed3d9cd66..Panc.AdenoCA..DO51488	5	22	0	69	5	3	25
X7ef9fd9b.d349.4ec3.ab4d.1a1d11c0204b..Panc.AdenoCA..DO35098	23	115	46	63	15	33	0
X7f42e118.aab6.438a.9e84.e7451fe12d7e..Panc.AdenoCA..DO33168	185	159	118	107	14	41	0
X7f5fd36f.6e30.45ca.92a5.d8a8a8ee1bc2..Panc.AdenoCA..DO51468	72	245	0	129	27	47	18
X7fcd8af9.4d73.4c97.95cc.b30b09f21bb2..Panc.AdenoCA..DO32893	36	66	82	72	8	0	2
X81bc7f0c.865d.4801.a935.2ab04170df53..Panc.AdenoCA..DO35350	137	234	96	87	1155	49	10
X8282283d.247a.431d.9421.0fcc52f0a897..Panc.AdenoCA..DO221541	137	43	250	250	1184	5	50
X8454fe53.869d.41c8.b0c8.a7929d00eec3..Panc.AdenoCA..DO32900	240	251	0	466	103	33	0
X84a6ea88.eeb8.4060.a90c.e4abac013ad4..Panc.AdenoCA..DO32980	61	0	0	63	330	211	0
X88bc38ba.ad1d.431e.a67e.0a5a23678386..Panc.AdenoCA..DO49181	59	123	111	55	25	17	0
X88d5a8b2.daba.45ce.90bf.480fac85bf1d..Panc.AdenoCA..DO49168	88	194	146	19	62	28	2
X89195d56.1ef2.41df.b200.9f18e38f574a..Panc.AdenoCA..DO51507	41	122	111	63	22	30	16
X8be6b14d.286a.471b.a282.ab98bc6050c3..Panc.AdenoCA..DO51506	64	413	144	51	17	28	0
X8c233a11.3b2e.4273.bbe1.b5a5f5a351d5..Panc.AdenoCA..DO51477	40	134	77	41	15	28	53
X8d67c121.37d0.4fc0.a349.2c9452589d65..Panc.AdenoCA..DO34793	161	222	23	109	18	29	0
X9011cf17.0783.4f9d.b355.4f0fc1a2e78b..Panc.AdenoCA..DO51501	49	176	134	57	17	17	0
X9078333d.73d3.496a.9fc3.a94353b7e107..Panc.AdenoCA..DO51499	74	166	28	82	11	33	41
X90b3c237.29a4.48b3.90b3.9f2c0ccb5928..Panc.AdenoCA..DO49193	102	157	83	119	17	12	8
X91b6fd6b.547a.47e4.8ecb.a6f1826ccfd3..Panc.AdenoCA..DO35216	9	12	45	39	8	20	0
X92dc0e0c.842f.40de.9c39.486b491ea80a..Panc.AdenoCA..DO33600	114	274	173	48	28	34	0
X94652d14.2e4d.4f4a.a4f7.8df77df788c0..Panc.AdenoCA..DO51498	91	246	97	67	16	8	0
X95cc9620.7686.4805.a96c.cf8e659847c3..Panc.AdenoCA..DO51515	45	244	18	173	31	39	37
X96ba50eb.3c12.41ad.ac7b.d23b2001fe44..Panc.AdenoCA..DO51469	234	104	313	92	77	7	1
X96cca60e.17dc.44c3.90f7.1b57b0e08e5f..Panc.AdenoCA..DO35228	74	131	47	111	21	12	0
X97c46ede.b280.4344.8dbb.e860c6472239..Panc.AdenoCA..DO51504	7	129	112	55	21	11	22
X9c399826.087f.44b9.98c0.bd881646b0f4..Panc.AdenoCA..DO33472	85	180	86	74	13	28	0
X9c857452.c81d.4b9e.87a8.5b41f4394f7c..Panc.AdenoCA..DO34608	34	72	11	129	12	7	0
X9df57388.7de1.4c90.910e.ef63a246dff1..Panc.AdenoCA..DO49172	133	215	56	103	19	23	0
X9ebac79d.8b38.4469.837e.b834725fe6d5..Panc.AdenoCA..DO34640	132	195	108	116	42	61	7
X9ffe694e.b488.489e.bdbe.0800e505eec4..Panc.AdenoCA..DO49460	259	397	0	147	18	61	6
a2238b5f.0513.487a.9b1b.7bef85ebf336..Panc.AdenoCA..DO32878	133	137	75	75	23	26	0
a3210fd0.344c.468e.8ff2.2d0869a2fb75..Panc.AdenoCA..DO51497	83	197	24	122	16	56	58
a3edc9cc.f54a.4459.a5d0.097879c811e5..Panc.AdenoCA..DO49135	97	205	195	37	33	27	7
a492a32b.bf2f.4f8c.b06e.794a4baa2fe7..Panc.AdenoCA..DO49074	63	130	57	95	24	18	1
a5346247.3f30.470a.b4ab.732180786291..Panc.AdenoCA..DO33960	174	279	29	77	12	43	0
a5d5c238.0447.47fa.9a81.3b823cbdcea6..Panc.AdenoCA..DO34849	97	361	93	101	10	69	2
a6ebe0c0.8aab.4b9f.8328.4b795895a77d..Panc.AdenoCA..DO51465	110	309	0	168	25	28	113
a7a56d67.1bd7.4d69.9237.34c2d261261b..Panc.AdenoCA..DO51486	0	23	62	32	356	3	71
aa4a868a.df23.4eef.a618.e945aa2ce98a..Panc.AdenoCA..DO34448	677	438	0	378	32	252	10
ac02c38e.5fca.4995.b0cc.39b6189976a3..Panc.AdenoCA..DO51478	266	453	419	6	25	103	73
af9cfac8.7fbe.49cb.aeca.8d68aea57994..Panc.AdenoCA..DO51494	114	90	335	91	29	27	27
b04624d2.d8f8.4b51.be1b.72c73d8055f9..Panc.AdenoCA..DO35085	16	36	48	57	17	13	0
b37d6283.6f95.4975.a794.f3d5c4bbc7b3..Panc.AdenoCA..DO32960	14	132	32	89	3	28	10
b47aa163.eec9.4225.940b.4373e78152e2..Panc.AdenoCA..DO33200	83	253	0	164	21	16	0
b54b9433.ec10.4cb5.a860.4555da64917b..Panc.AdenoCA..DO51473	76	160	4	186	13	1	16
b5cabba2.30a4.458e.897c.00ec3fefa6d2..Panc.AdenoCA..DO49445	152	302	0	150	9	47	8
b5dd0bc9.6c1c.4272.b920.744de37d0aee..Panc.AdenoCA..DO33480	3	48	0	196	65	18	0
b7008a98.5aa0.4cc9.9bee.af2a422266db..Panc.AdenoCA..DO33288	322	257	297	92	46	55	0
b710b214.5666.4054.97ef.3b9ac2bd90ac..Panc.AdenoCA..DO51485	109	151	149	30	24	26	16
b80ca528.2c5f.400c.8df3.9c47869a64c2..Panc.AdenoCA..DO49439	65	196	170	30	10	31	0
b8270565.9e02.4d46.9534.08206bfd027a..Panc.AdenoCA..DO221542	39	68	26	77	9	4	56
bb8176a7.ea7c.42d7.a85a.cec1ca386f2e..Panc.AdenoCA..DO34656	16	31	130	49	1	24	3
bbbc531a.dd41.40b7.ae59.e35508aea0c7..Panc.AdenoCA..DO32837	28	118	47	9	1	11	2
bbdd7393.024b.4073.b5bc.ef7a68c15b8a..Panc.AdenoCA..DO221545	38	117	0	327	1716	26	18
bbff7954.95ec.455c.b0bc.92f67a09ee77..Panc.AdenoCA..DO35305	73	300	137	107	9	11	4
bc395326.1656.4ef2.bb19.0cb29194b91c..Panc.AdenoCA..DO35083	42549	2638	0	0	0	1558	1392
bcef0b6c.6584.4090.9d28.ef784a7e5fbb..Panc.AdenoCA..DO51523	46	89	43	40	8	20	9
c0523251.3ac2.4292.bb00.9ae9ea9009f6..Panc.AdenoCA..DO51528	41	280	42	105	20	33	47
c13fb736.614c.4d5f.83bf.2d7586f4fb53..Panc.AdenoCA..DO51466	88	125	10	104	18	29	45
c15a51cc.4fdc.4343.a410.13ddc238dac8..Panc.AdenoCA..DO35114	21	25	34	24	0	10	7
c3679262.63d7.463e.9501.6ab3f177aee8..Panc.AdenoCA..DO51496	124	315	136	49	16	41	0
c741fb12.8160.43a7.bc70.2c545ea0031d..Panc.AdenoCA..DO49436	156	265	113	60	8	19	2
c9e7c629.7b57.4ede.b315.0cea8c97c48e..Panc.AdenoCA..DO35424	37	62	273	50	37	21	0
ca284012.bd06.47a3.8a9d.c6b185d87d85..Panc.AdenoCA..DO51511	99	317	49	193	403	16	0
cafe9603.a804.48fb.9217.e2d1c3c346c5..Panc.AdenoCA..DO32916	358	569	258	59	23	39	14
cb4608a7.6aec.4cba.b20f.489e214c9dbd..Panc.AdenoCA..DO51509	18	14	0	187	32	18	0
cba4de91.cce7.4edc.8450.d0a52c959586..Panc.AdenoCA..DO35330	7	123	24	69	26	14	35
cc7af465.22ed.485d.a78c.282b840bf7c9..Panc.AdenoCA..DO35454	87	193	0	130	21	15	71
cf072bfe.3191.4a71.9e0b.decaa28365e1..Panc.AdenoCA..DO34600	41	105	89	103	5	12	0
cfe0bf13.2ff4.4164.9b6a.cd3615bf3ddc..Panc.AdenoCA..DO33016	31	121	135	67	3	32	17
d05ea63c.86a3.463a.a790.2edaa74b4da7..Panc.AdenoCA..DO51538	52	138	100	97	4	15	157
d1804679.e728.4597.ac69.49554c087b9e..Panc.AdenoCA..DO51533	36	81	128	52	23	15	37
d333b55b.8bac.4a99.9d23.3cc0c25057bf..Panc.AdenoCA..DO51487	29	95	208	41	32	33	46
d4907a1b.8b06.47c5.8bca.c781d9cddaf8..Panc.AdenoCA..DO49184	99	149	107	113	31	40	0
d5796835.d6cd.427e.a398.5fbef88b0648..Panc.AdenoCA..DO51548	86	447	147	34	22	60	11
d8de6de6.4cfe.4239.9ebd.3437aa65efb2..Panc.AdenoCA..DO221543	50	83	0	81	12	11	30
d91f487e.0895.44ef.aeb1.a62bd576f8b0..Panc.AdenoCA..DO49079	94	845	224	75	26	54	14
da1ed4b9.f428.48aa.834d.1d9673999044..Panc.AdenoCA..DO35128	67	194	66	105	20	17	26
db2a1df8.487d.4dad.a347.5c5ed539d5ad..Panc.AdenoCA..DO51531	95	462	39	87	18	94	21
dc856038.f5f7.4dfc.a0a4.3e3a6b8d160f..Panc.AdenoCA..DO34728	37	173	57	90	2	23	0
dd4fdb6a.8067.4b64.ab74.bbb0fec34ca9..Panc.AdenoCA..DO34801	158	231	28	129	0	23	3
ded2689b.8e37.480c.b37c.acc538e54ddf..Panc.AdenoCA..DO35136	136	40	327	0	18	14	77
e0aa815f.668a.4de9.bb32.3f215bb7f843..Panc.AdenoCA..DO34785	161	427	97	93	13	44	20
e1df938f.1f23.4291.98ef.13db6debb796..Panc.AdenoCA..DO51505	29	129	134	34	12	17	48
e4c8c7f0.5bac.4d59.91c4.c98207150548..Panc.AdenoCA..DO221547	7	160	192	80	948	8	39
e5193d7e.e8b7.4098.bf98.8b3a62781d13..Panc.AdenoCA..DO49451	115	302	97	131	20	32	13
e56b0990.ff67.47c1.b9ad.87ef1d4aa2ae..Panc.AdenoCA..DO33368	108	201	171	138	56	32	0
e6eda5db.4d4f.418e.b0d4.ed9b3e5259d3..Panc.AdenoCA..DO51525	29	42	106	0	86	7	41
e7048a93.a1ed.4cdc.a1ab.fa507408ca77..Panc.AdenoCA..DO51480	165	149	0	85	10	34	43
e7603fc8.9b73.4c17.86f9.46ca1bceeb1d..Panc.AdenoCA..DO51519	53	176	54	73	14	40	26
e97ea3d7.9fcd.4df1.9ea8.587cb3be75ec..Panc.AdenoCA..DO49183	152	109	101	81	2	48	0
ec646623.6d33.4fbd.888e.89f55d82eb11..Panc.AdenoCA..DO33184	211	166	179	60	34	14	5
ec77847e.48fd.4ba5.bc3e.3cd1b149b552..Panc.AdenoCA..DO51475	289	214	39	92	7	25	80
ecfe388a.99f5.44b9.9226.a6ae6d892538..Panc.AdenoCA..DO221539	73	163	133	51	5	21	56
edac1323.2497.45e6.9148.e9c955292ba2..Panc.AdenoCA..DO33248	97	204	0	147	1	18	0
ee5d5e7d.78cf.4a29.a9ee.56aa3da877dd..Panc.AdenoCA..DO32875	41	152	0	138	35	1	8
ee8ba991.8c96.476e.b096.49f3aaaffc2f..Panc.AdenoCA..DO32863	142	96	109	75	27	50	3
ef002c3d.358f.4fc0.98f3.2f8b89de4374..Panc.AdenoCA..DO51512	41	81	36	127	19	17	44
ef3a0ccd.85bc.4e5f.a8c6.5a2e2d9e6717..Panc.AdenoCA..DO49080	187	376	0	280	119	77	0
efacd7d6.56cf.4f6a.87f0.1a7ab6b1a643..Panc.AdenoCA..DO51483	231	226	50	120	24	40	12
efc39172.083c.4297.b922.3f58df781332..Panc.AdenoCA..DO35198	123	143	124	105	35	27	20
f1d9124e.dfa2.415e.b8b8.dd872fd3e2cb..Panc.AdenoCA..DO33408	47	100	55	103	1	23	0
f283ed80.8302.4f26.99ed.ea20d101289d..Panc.AdenoCA..DO49420	21	69	107	56	4	13	0
f4ada7a2.c4ac.4f89.ada7.4645861002cb..Panc.AdenoCA..DO51530	163	121	88	138	708	7	30
f4e673a9.5b85.46e7.bcac.2ce6e1026896..Panc.AdenoCA..DO51502	108	228	61	81	13	69	39
f4e926fd.006e.4c85.b71c.1433c325acb0..Panc.AdenoCA..DO49204	41	132	108	35	21	13	4
f5bb7ae4.4bb4.4e87.b83c.bc8620584989..Panc.AdenoCA..DO34312	35	154	163	71	8	20	2
f7702c0c.9636.4700.a8ae.7a58afd9fa71..Panc.AdenoCA..DO33544	47	263	177	63	15	27	0
f94c4f69.8119.4eaf.97c1.5106890c14d4..Panc.AdenoCA..DO35186	153	113	139	15	15	31	0
fa54205f.7e51.4e5a.9f0a.5e8a2e40235f..Panc.AdenoCA..DO49178	24	100	8	85	28	13	2
fa9a3247.a465.4fdf.bb64.5afaa83a5d76..Panc.AdenoCA..DO35132	0	27	8	30	0	5	2
fdbd0277.ddbf.4cc5.8ec3.3644b9553627..Panc.AdenoCA..DO35406	83	125	64	94	13	17	1
fe96d91c.3686.4125.af71.b8703a011ad4..Panc.AdenoCA..DO49463	82	854	163	39	26	90	0
ffe4bb51.e98a.41a7.a4e1.c3970386889c..Panc.AdenoCA..DO51503	42	50	60	66	11	7	47
