MutationType	ID83A	ID83B	ID83C	ID83D	ID83E	ID83F	ID83G	ID83H	ID83I
1:Del:C:0	1.88E-04	3.57E-04	5.45E-03	1.03E-03	5.25E-03	1.10E-04	6.53E-03	5.43E-03	2.92E-03
1:Del:C:1	6.48E-05	4.69E-04	2.98E-03	7.70E-04	2.43E-03	6.19E-05	3.41E-03	2.86E-03	1.48E-03
1:Del:C:2	8.34E-05	2.23E-04	1.60E-03	3.59E-04	1.90E-03	4.65E-05	1.72E-03	1.23E-03	1.20E-03
1:Del:C:3	3.97E-04	3.46E-04	1.37E-03	2.62E-04	1.08E-03	3.09E-10	1.71E-03	9.89E-04	1.27E-03
1:Del:C:4	1.08E-03	1.46E-04	1.00E-03	2.07E-04	2.22E-03	1.04E-09	1.22E-03	7.20E-04	8.88E-04
1:Del:C:5	2.70E-03	5.35E-04	9.85E-04	2.17E-04	4.76E-03	4.59E-05	1.53E-03	3.39E-05	1.76E-03
1:Del:T:0	1.77E-04	5.53E-04	4.10E-03	8.46E-04	4.31E-03	8.47E-05	2.96E-03	2.48E-03	2.22E-03
1:Del:T:1	2.42E-04	5.95E-04	2.97E-03	3.25E-04	2.09E-03	5.74E-05	3.16E-03	2.11E-03	5.94E-04
1:Del:T:2	3.25E-04	2.42E-04	2.38E-03	6.91E-04	1.76E-03	3.75E-05	2.54E-03	2.72E-03	1.34E-03
1:Del:T:3	2.00E-03	7.24E-04	4.96E-03	7.70E-04	4.53E-03	8.44E-05	5.54E-03	2.33E-03	2.65E-03
1:Del:T:4	5.37E-03	1.23E-03	9.47E-03	7.82E-04	1.35E-02	1.29E-04	1.07E-02	1.31E-03	3.87E-03
1:Del:T:5	1.34E-02	4.31E-03	1.11E-02	2.30E-03	3.30E-02	4.99E-04	2.81E-03	2.52E-03	2.60E-07
1:Ins:C:0	1.58E-03	7.59E-04	1.66E-03	8.08E-04	2.69E-03	1.84E-03	3.66E-03	2.86E-03	1.87E-03
1:Ins:C:1	3.00E-04	1.65E-04	3.84E-04	1.42E-04	4.66E-04	8.01E-04	4.14E-04	1.60E-04	5.32E-04
1:Ins:C:2	1.33E-04	2.25E-04	4.21E-04	5.93E-05	4.38E-04	4.74E-04	1.73E-04	1.84E-04	4.61E-04
1:Ins:C:3	4.99E-05	6.87E-05	1.09E-04	2.57E-05	1.60E-04	1.64E-04	1.57E-04	9.82E-05	1.54E-04
1:Ins:C:4	3.12E-05	2.67E-05	6.94E-05	2.24E-05	5.84E-05	1.31E-04	1.11E-04	0.00E+00	2.67E-04
1:Ins:C:5	3.41E-05	3.85E-05	1.43E-04	0.00E+00	6.20E-05	2.98E-05	2.23E-04	2.18E-05	6.19E-05
1:Ins:T:0	5.89E-03	4.29E-03	1.73E-02	1.55E-03	1.82E-02	1.58E-03	1.35E-02	9.45E-03	1.48E-02
1:Ins:T:1	1.96E-03	2.07E-03	6.21E-03	7.81E-04	7.40E-03	7.64E-04	6.98E-03	4.05E-03	9.09E-03
1:Ins:T:2	6.83E-04	6.96E-04	3.08E-03	3.88E-05	2.53E-03	3.55E-04	2.04E-03	1.45E-03	1.98E-03
1:Ins:T:3	3.67E-04	5.55E-04	2.01E-03	1.94E-04	1.80E-03	4.36E-04	1.71E-03	8.59E-04	1.68E-03
1:Ins:T:4	3.75E-04	8.00E-04	1.76E-03	1.95E-04	1.44E-03	2.43E-04	1.30E-03	5.48E-04	1.59E-04
1:Ins:T:5	4.57E-04	7.94E-04	1.97E-03	2.77E-04	1.83E-03	2.19E-04	8.91E-04	9.47E-04	1.76E-03
2:Del:R:0	1.49E-04	1.05E-04	1.74E-03	3.13E-04	3.04E-03	0.00E+00	1.42E-03	1.50E-03	1.28E-03
2:Del:R:1	3.07E-04	4.56E-04	3.50E-03	3.59E-04	4.58E-03	9.30E-05	2.40E-03	1.21E-03	1.36E-03
2:Del:R:2	1.65E-04	1.73E-04	1.12E-03	1.28E-04	9.56E-04	4.02E-05	1.20E-03	7.42E-04	9.68E-04
2:Del:R:3	8.14E-04	4.78E-05	2.22E-04	7.37E-05	4.18E-04	1.32E-09	4.56E-04	2.44E-04	6.41E-04
2:Del:R:4	3.59E-04	3.15E-06	6.27E-05	1.67E-05	4.04E-04	1.07E-09	5.82E-05	2.10E-04	5.96E-04
2:Del:R:5	4.57E-04	0.00E+00	0.00E+00	0.00E+00	3.23E-04	0.00E+00	0.00E+00	0.00E+00	5.48E-03
3:Del:R:0	4.10E-05	1.11E-04	8.45E-04	3.33E-04	9.86E-04	3.63E-05	5.31E-04	1.24E-03	4.52E-04
3:Del:R:1	3.00E-04	2.40E-04	3.96E-03	3.35E-04	5.48E-03	6.01E-05	2.38E-03	1.82E-03	3.25E-03
3:Del:R:2	8.81E-05	5.12E-05	1.06E-03	9.36E-05	1.76E-03	3.74E-05	9.78E-04	2.94E-04	8.34E-04
3:Del:R:3	2.88E-05	7.23E-05	2.20E-04	0.00E+00	3.20E-04	3.33E-05	2.78E-04	1.27E-04	7.37E-04
3:Del:R:4	1.21E-07	4.37E-09	5.16E-08	3.99E-09	9.97E-08	8.50E-10	1.04E-07	6.76E-08	2.62E-03
3:Del:R:5	6.70E-06	1.75E-08	3.71E-08	1.51E-09	6.19E-06	7.87E-10	6.78E-08	1.91E-08	3.37E-03
4:Del:R:0	1.71E-05	6.41E-05	5.32E-04	3.14E-04	4.65E-04	1.44E-09	5.18E-04	9.63E-04	3.90E-04
4:Del:R:1	1.37E-04	2.66E-04	3.11E-03	1.76E-04	3.52E-03	4.81E-05	1.85E-03	9.64E-05	1.37E-03
4:Del:R:2	5.45E-05	3.37E-06	7.89E-04	7.30E-05	9.63E-04	1.30E-09	4.46E-04	2.22E-04	5.44E-04
4:Del:R:3	3.35E-06	4.21E-05	1.06E-04	7.68E-05	1.07E-04	1.02E-09	4.36E-04	1.57E-04	1.60E-03
4:Del:R:4	1.35E-05	2.96E-05	0.00E+00	3.72E-05	1.86E-05	8.34E-10	2.09E-05	0.00E+00	1.39E-03
4:Del:R:5	3.10E-05	4.58E-05	1.18E-04	1.82E-05	6.29E-05	1.01E-09	5.03E-05	0.00E+00	7.71E-04
5:Del:R:0	5.52E-05	4.81E-04	1.71E-03	2.64E-03	1.18E-03	9.69E-05	2.56E-03	9.37E-03	1.37E-03
5:Del:R:1	5.81E-05	2.77E-04	9.64E-04	2.24E-04	8.18E-04	5.99E-05	8.57E-04	8.07E-04	9.17E-04
5:Del:R:2	8.68E-06	6.58E-05	2.60E-04	5.82E-05	2.53E-05	9.77E-10	3.31E-04	0.00E+00	5.60E-04
5:Del:R:3	1.72E-05	3.18E-06	9.46E-05	3.01E-05	9.58E-05	1.40E-09	8.00E-05	8.02E-05	3.52E-04
5:Del:R:4	2.47E-05	9.08E-07	8.06E-06	1.89E-05	1.25E-05	1.49E-09	9.21E-06	2.76E-05	2.05E-04
5:Del:R:5	1.97E-09	7.41E-06	8.08E-05	2.65E-05	1.01E-05	1.12E-09	1.04E-04	6.65E-05	4.47E-04
2:Ins:R:0	9.20E-04	1.83E-03	5.07E-03	5.04E-04	2.82E-03	2.05E-04	4.25E-03	1.35E-03	3.40E-03
2:Ins:R:1	4.68E-05	2.92E-04	7.22E-04	7.49E-05	4.25E-04	2.99E-05	6.12E-04	7.93E-05	1.15E-03
2:Ins:R:2	3.69E-05	3.68E-05	8.80E-05	1.86E-05	6.01E-05	4.94E-09	4.26E-05	4.37E-05	1.68E-05
2:Ins:R:3	3.87E-05	8.84E-06	2.62E-05	0.00E+00	2.06E-05	1.82E-09	3.12E-05	1.55E-05	1.73E-04
2:Ins:R:4	1.56E-05	1.21E-05	3.77E-05	2.74E-06	3.85E-05	3.36E-09	3.44E-05	3.17E-09	1.33E-04
2:Ins:R:5	2.31E-05	1.25E-05	3.78E-05	0.00E+00	1.25E-05	2.29E-09	5.39E-05	9.23E-09	6.60E-05
3:Ins:R:0	1.68E-04	4.25E-04	2.87E-03	2.96E-04	5.71E-04	7.35E-05	3.83E-03	1.06E-03	1.44E-03
3:Ins:R:1	1.13E-05	3.45E-05	7.58E-05	8.09E-06	3.12E-05	1.52E-09	1.29E-04	1.17E-04	2.08E-04
3:Ins:R:2	1.68E-06	5.40E-06	6.25E-06	2.21E-10	2.58E-06	1.78E-07	4.13E-05	1.19E-08	4.31E-05
3:Ins:R:3	5.01E-06	1.02E-06	4.24E-08	0.00E+00	9.42E-06	7.87E-06	4.05E-08	3.06E-08	3.44E-05
3:Ins:R:4	4.51E-10	6.79E-09	3.99E-08	0.00E+00	4.48E-08	2.19E-10	2.37E-08	2.47E-08	1.73E-08
3:Ins:R:5	4.51E-10	6.79E-09	3.99E-08	0.00E+00	4.48E-08	2.19E-10	2.37E-08	2.47E-08	1.73E-08
4:Ins:R:0	5.50E-05	4.41E-04	2.69E-03	2.82E-04	7.03E-04	6.91E-05	3.82E-03	1.27E-03	1.81E-03
4:Ins:R:1	1.51E-05	5.00E-06	1.17E-04	3.87E-05	9.38E-05	1.65E-09	1.79E-04	7.32E-05	3.64E-05
4:Ins:R:2	1.94E-08	4.24E-06	2.38E-06	0.00E+00	3.69E-08	1.28E-09	9.98E-06	1.67E-05	3.97E-08
4:Ins:R:3	4.51E-10	3.51E-06	1.05E-06	0.00E+00	2.69E-08	8.83E-09	5.32E-08	3.40E-08	5.16E-05
4:Ins:R:4	3.71E-10	6.64E-09	2.94E-06	8.42E-09	7.77E-08	1.04E-09	5.04E-08	4.50E-08	7.37E-05
4:Ins:R:5	4.51E-10	6.79E-09	3.99E-08	0.00E+00	4.48E-08	2.19E-10	2.37E-08	2.47E-08	1.73E-08
5:Ins:R:0	7.69E-06	8.17E-04	5.21E-03	5.53E-04	1.34E-03	9.94E-05	8.70E-03	2.44E-03	2.82E-03
5:Ins:R:1	4.56E-10	8.93E-10	2.04E-05	2.19E-05	1.85E-08	1.81E-09	6.22E-05	8.78E-05	6.05E-05
5:Ins:R:2	3.91E-10	3.14E-06	2.07E-06	9.49E-11	3.11E-08	3.08E-09	1.09E-07	3.95E-08	3.76E-08
5:Ins:R:3	4.51E-10	6.79E-09	3.99E-08	0.00E+00	4.48E-08	2.19E-10	2.37E-08	2.47E-08	1.73E-08
5:Ins:R:4	4.51E-10	6.79E-09	3.99E-08	0.00E+00	4.48E-08	2.19E-10	2.37E-08	2.47E-08	1.73E-08
5:Ins:R:5	4.51E-10	6.79E-09	3.99E-08	0.00E+00	4.48E-08	2.19E-10	2.37E-08	2.47E-08	1.73E-08
2:Del:M:1	2.68E-04	4.75E-04	3.31E-03	0.00E+00	3.78E-03	4.93E-05	2.06E-03	1.39E-03	1.54E-03
3:Del:M:1	1.73E-05	3.79E-05	3.44E-04	2.49E-04	3.18E-04	4.00E-05	6.22E-04	9.47E-04	6.23E-04
3:Del:M:2	1.98E-04	2.71E-04	2.44E-03	2.97E-04	3.24E-03	5.99E-05	1.30E-03	1.22E-03	1.12E-03
4:Del:M:1	2.29E-05	1.14E-05	7.09E-04	2.32E-04	8.45E-04	1.56E-09	4.78E-04	9.37E-04	2.13E-04
4:Del:M:2	5.32E-05	1.08E-04	1.30E-03	1.97E-04	1.70E-03	1.07E-09	1.04E-03	7.67E-04	1.20E-03
4:Del:M:3	1.53E-04	1.07E-04	2.62E-03	2.79E-04	2.75E-03	7.98E-05	1.49E-03	8.36E-04	1.55E-03
5:Del:M:1	2.41E-05	5.04E-04	1.11E-03	1.84E-03	5.26E-04	4.47E-05	1.76E-03	7.26E-03	1.46E-03
5:Del:M:2	9.22E-06	5.08E-04	9.86E-04	2.40E-03	1.02E-04	7.40E-05	1.53E-03	4.07E-03	1.43E-03
5:Del:M:3	4.16E-05	2.13E-05	4.93E-04	2.16E-03	5.39E-04	7.66E-05	1.72E-03	2.63E-03	9.15E-04
5:Del:M:4	1.48E-05	1.96E-04	4.27E-04	9.99E-04	4.34E-04	7.76E-10	5.37E-04	1.25E-03	3.89E-04
5:Del:M:5	4.43E-05	2.30E-04	9.16E-04	1.39E-03	8.07E-04	5.50E-05	1.05E-03	9.66E-04	1.38E-03
