MutationType	ID83A	ID83B	ID83C	ID83D	ID83E	ID83F	ID83G
1:Del:C:0	6.67E-04	4.57E-04	6.97E-04	2.04E-03	3.34E-03	6.08E-04	7.30E-03
1:Del:C:1	1.67E-04	4.90E-04	1.56E-07	1.46E-03	3.28E-03	0.00E+00	4.52E-03
1:Del:C:2	7.00E-05	5.49E-05	1.75E-05	4.61E-04	5.29E-04	8.00E-05	1.01E-03
1:Del:C:3	6.13E-04	5.75E-04	5.00E-04	1.03E-03	9.23E-04	8.22E-03	2.10E-03
1:Del:C:4	2.83E-04	3.77E-04	0.00E+00	6.07E-04	3.20E-04	3.64E-04	2.06E-04
1:Del:C:5	2.48E-04	6.09E-04	1.44E-08	2.96E-08	8.90E-04	2.68E-04	1.29E-03
1:Del:T:0	6.80E-04	8.37E-04	3.07E-04	2.41E-03	4.77E-03	1.26E-03	6.54E-03
1:Del:T:1	5.16E-04	5.37E-04	3.01E-03	1.61E-03	1.94E-03	1.22E-03	5.89E-03
1:Del:T:2	3.07E-04	6.44E-04	1.34E-04	2.07E-03	1.11E-03	5.43E-04	1.18E-03
1:Del:T:3	0.00E+00	1.55E-03	1.06E-03	2.67E-03	1.00E-03	8.52E-04	1.97E-03
1:Del:T:4	4.17E-04	1.79E-03	1.74E-03	1.66E-03	1.40E-46	2.06E-04	3.74E-03
1:Del:T:5	5.33E-04	4.54E-03	5.09E-04	2.80E-08	3.44E-03	2.50E-07	1.60E-07
1:Ins:C:0	1.40E-07	2.26E-07	4.40E-02	8.11E-08	1.21E-07	1.19E-07	7.65E-04
1:Ins:C:1	9.25E-09	4.97E-05	2.99E-05	1.96E-04	4.48E-04	1.77E-05	6.65E-04
1:Ins:C:2	5.63E-05	8.40E-05	4.93E-05	1.23E-08	6.17E-04	0.00E+00	4.79E-04
1:Ins:C:3	5.19E-08	8.90E-05	1.23E-08	1.32E-04	7.33E-08	1.56E-04	2.93E-08
1:Ins:C:4	4.86E-04	3.12E-04	2.48E-04	1.59E-05	0.00E+00	0.00E+00	9.98E-04
1:Ins:C:5	1.70E-03	6.54E-04	5.92E-07	1.33E-05	1.05E-03	2.13E-04	6.43E-03
1:Ins:T:0	5.35E-04	2.33E-04	5.57E-05	7.88E-04	5.70E-04	3.53E-04	1.95E-03
1:Ins:T:1	0.00E+00	0.00E+00	4.08E-04	7.65E-04	1.52E-03	5.06E-05	1.40E-03
1:Ins:T:2	1.86E-04	3.23E-04	1.53E-04	3.38E-04	4.91E-04	8.28E-09	7.69E-04
1:Ins:T:3	2.50E-04	3.43E-04	3.15E-04	3.38E-04	1.30E-05	1.17E-04	4.49E-04
1:Ins:T:4	1.13E-03	4.40E-04	2.81E-04	1.02E-04	1.86E-04	8.86E-09	6.29E-03
1:Ins:T:5	2.51E-03	2.60E-04	1.27E-03	4.08E-04	6.21E-04	1.27E-07	6.36E-02
2:Del:R:0	3.89E-04	2.58E-04	0.00E+00	6.12E-04	1.40E-03	0.00E+00	2.14E-03
2:Del:R:1	3.02E-04	4.91E-04	0.00E+00	4.63E-04	1.39E-03	2.63E-04	2.14E-03
2:Del:R:2	1.91E-04	3.99E-04	4.24E-09	1.86E-04	4.34E-04	0.00E+00	4.61E-04
2:Del:R:3	5.26E-05	1.62E-08	6.17E-08	6.68E-09	9.89E-06	1.71E-04	9.52E-05
2:Del:R:4	1.22E-04	1.37E-04	7.57E-08	1.62E-08	2.02E-04	1.55E-08	1.79E-04
2:Del:R:5	1.06E-08	3.39E-08	2.14E-05	1.29E-08	3.57E-04	2.47E-08	5.90E-04
3:Del:R:0	1.55E-28	0.00E+00	4.34E-04	3.65E-04	2.37E-03	8.24E-04	2.77E-03
3:Del:R:1	3.17E-04	3.91E-04	2.98E-04	5.66E-04	4.89E-04	4.61E-04	8.77E-04
3:Del:R:2	2.39E-04	3.74E-04	4.07E-04	7.74E-07	4.32E-04	3.09E-03	1.45E-03
3:Del:R:3	0.00E+00	8.76E-05	1.09E-08	1.50E-04	0.00E+00	6.39E-05	1.31E-08
3:Del:R:4	7.25E-05	1.37E-07	1.14E-04	3.76E-07	4.35E-07	8.87E-04	8.37E-08
3:Del:R:5	3.02E-08	4.56E-08	6.02E-08	3.91E-05	2.93E-05	5.14E-08	3.65E-05
4:Del:R:0	0.00E+00	4.20E-04	2.02E-04	2.35E-04	1.24E-03	1.32E-09	9.52E-04
4:Del:R:1	2.21E-04	3.87E-04	0.00E+00	4.82E-04	6.81E-04	4.50E-05	6.01E-04
4:Del:R:2	6.58E-05	8.77E-05	1.56E-08	2.82E-05	9.50E-05	2.64E-04	1.27E-04
4:Del:R:3	5.45E-07	4.08E-08	7.36E-08	5.91E-08	1.36E-04	5.91E-08	9.28E-05
4:Del:R:4	2.91E-08	2.89E-08	6.02E-08	5.82E-08	1.88E-04	7.51E-08	4.01E-05
4:Del:R:5	1.29E-08	8.65E-05	1.22E-08	3.35E-08	1.22E-04	1.89E-08	1.24E-04
5:Del:R:0	7.33E-06	6.43E-05	4.84E-02	3.25E-03	2.69E-02	2.78E-04	1.03E-01
5:Del:R:1	0.00E+00	4.76E-04	3.76E-05	1.63E-04	5.63E-04	2.62E-04	1.28E-04
5:Del:R:2	2.99E-08	3.49E-08	4.94E-08	4.70E-05	2.01E-04	4.05E-08	1.69E-04
5:Del:R:3	3.07E-08	4.87E-08	6.89E-08	1.16E-04	6.80E-08	1.31E-07	2.94E-08
5:Del:R:4	3.28E-05	5.20E-08	7.54E-08	6.00E-08	4.05E-05	7.04E-08	8.14E-05
5:Del:R:5	3.16E-09	4.60E-09	2.35E-08	7.34E-09	2.67E-08	1.55E-08	4.37E-08
2:Ins:R:0	1.16E-04	1.54E-04	0.00E+00	3.57E-04	5.01E-04	1.58E-08	6.41E-04
2:Ins:R:1	0.00E+00	1.07E-04	1.20E-09	1.89E-04	7.74E-04	3.12E-04	4.99E-04
2:Ins:R:2	1.51E-08	3.14E-05	1.24E-04	2.24E-04	6.64E-09	1.14E-08	1.86E-04
2:Ins:R:3	1.64E-04	1.51E-04	2.35E-08	0.00E+00	2.26E-04	5.34E-09	1.27E-04
2:Ins:R:4	2.61E-04	1.28E-04	2.81E-04	0.00E+00	0.00E+00	2.52E-08	4.51E-04
2:Ins:R:5	1.04E-03	1.09E-03	5.53E-04	2.20E-04	8.16E-04	2.77E-04	2.63E-03
3:Ins:R:0	2.31E-08	3.22E-08	5.75E-08	5.31E-08	4.13E-05	6.18E-08	4.43E-05
3:Ins:R:1	3.91E-04	7.06E-04	5.00E-04	0.00E+00	3.88E-07	1.64E-02	3.09E-03
3:Ins:R:2	3.23E-08	7.07E-05	4.13E-05	8.09E-08	1.77E-07	7.82E-08	1.94E-07
3:Ins:R:3	8.74E-05	3.88E-09	7.09E-05	1.40E-04	1.61E-04	2.30E-08	1.97E-04
3:Ins:R:4	0.00E+00	1.48E-04	1.78E-05	2.61E-08	1.30E-08	2.13E-08	1.56E-08
3:Ins:R:5	5.49E-04	4.20E-04	3.23E-03	3.41E-04	0.00E+00	4.94E-04	2.68E-05
4:Ins:R:0	1.58E-08	3.66E-08	4.28E-05	1.66E-08	1.66E-04	2.97E-07	2.85E-04
4:Ins:R:1	0.00E+00	9.85E-05	4.34E-05	2.00E-04	1.84E-04	2.08E-04	2.00E-04
4:Ins:R:2	8.24E-05	3.31E-08	4.32E-08	3.91E-08	1.22E-04	3.58E-08	1.15E-04
4:Ins:R:3	2.55E-08	3.19E-08	4.69E-08	4.04E-08	9.26E-05	5.16E-08	5.42E-05
4:Ins:R:4	4.01E-05	2.87E-08	8.10E-05	1.02E-04	5.54E-05	7.86E-09	5.25E-05
4:Ins:R:5	3.00E-04	3.38E-04	1.72E-04	4.14E-05	2.58E-04	8.65E-05	1.51E-04
5:Ins:R:0	1.89E-08	9.12E-09	1.23E-08	2.34E-08	1.86E-04	1.03E-04	2.49E-04
5:Ins:R:1	1.27E-04	4.12E-04	2.77E-04	4.60E-04	1.74E-03	2.87E-04	2.31E-03
5:Ins:R:2	2.12E-08	5.77E-08	3.83E-08	1.28E-04	8.17E-05	6.76E-05	4.51E-08
5:Ins:R:3	3.82E-08	4.29E-08	4.77E-08	6.09E-05	9.58E-05	5.30E-08	1.47E-04
5:Ins:R:4	4.51E-05	4.18E-08	9.05E-05	3.48E-05	6.17E-05	1.74E-08	1.11E-04
5:Ins:R:5	3.30E-08	6.02E-05	5.62E-08	5.14E-08	7.26E-08	4.73E-08	3.38E-08
2:Del:M:1	3.67E-04	0.00E+00	3.27E-04	3.01E-04	9.07E-04	2.99E-05	5.13E-04
3:Del:M:1	0.00E+00	2.01E-04	1.01E-04	3.55E-04	1.77E-03	2.55E-04	2.46E-03
3:Del:M:2	1.99E-04	1.58E-04	2.03E-04	4.38E-04	1.05E-03	8.43E-05	1.06E-03
4:Del:M:1	0.00E+00	1.81E-04	0.00E+00	1.53E-04	1.53E-03	1.96E-04	2.18E-03
4:Del:M:2	8.47E-05	2.46E-04	0.00E+00	4.09E-04	7.01E-04	7.59E-05	7.64E-04
4:Del:M:3	0.00E+00	2.20E-04	2.82E-04	2.20E-04	3.23E-04	1.14E-04	5.13E-04
5:Del:M:1	1.69E-03	4.10E-08	6.56E-08	1.02E-03	6.63E-02	2.99E-02	1.45E-06
5:Del:M:2	0.00E+00	7.71E-04	3.14E-04	5.90E-04	2.02E-02	4.13E-04	2.68E-02
5:Del:M:3	1.76E-08	1.25E-07	6.16E-04	4.31E-05	7.54E-03	5.94E-05	1.04E-02
5:Del:M:4	0.00E+00	4.21E-04	7.03E-04	1.60E-04	2.71E-03	1.83E-04	3.48E-03
5:Del:M:5	6.86E-05	2.51E-04	7.72E-09	2.22E-04	1.73E-03	3.69E-04	2.12E-03
