Samples	ID83A	ID83B	ID83C	ID83D	ID83E	ID83F	ID83G	ID83H	ID83I	ID83J	ID83K	ID83L	ID83M	ID83N
V1	24	27	82	156	10	7	0	25	4	14	12	0	0	0
V2	47	88	87	5	405	134	37	63	12	8	0	2	0	0
V3	37	14	4	32	16	98	24	1	11	14	0	30	0	1
V4	23	31	56	15	10	17	4	40	14	1	0	0	0	0
V5	12	31	9	38	55	80	30	7	14	31	0	13	0	48
V6	2	59	40	9	5	0	4	15	14	13	85	19	0	0
V7	22	356	21	10	18	13	0	15	132	0	0	0	0	0
V8	0	14	24	24	0	0	43	2	13	10	0	6	0	20
V9	2	49	190	101	0	6	14	76	14	20	137	0	0	0
V10	4	185	0	0	66	76	9	0	115	0	0	0	11	3
V11	0	11	61	70	0	0	0	36	10	0	13	0	15	0
V12	290	41	4	3	15	90	23	0	0	16	0	48	9	0
V13	19	105	0	0	4	0	56	39	25	47	30	0	10	0
V14	0	0	9	50	17	3	84	21	0	20	147	26	0	0
V15	68	479	0	1	11	4	1	0	18	0	0	0	5	12
V16	21	71	13	0	3	0	12	28	11	25	10	2	5	0
V17	11	59	4	6	5	36	2	4	6	2	0	5	0	0
V18	25	24	1	40	0	0	0	1	2	0	0	0	5	0
V19	8	2	13	0	20	7	61	8	3	17	52	0	0	7
V20	7	36	55	0	0	0	8	29	10	1	0	0	0	0
V21	7	47	10	7	46	26	4	7	28	0	0	0	3	3
V22	32	4	0	25	17	31	79	0	0	31	0	15	14	0
V23	46	0	139	69	23	3	43	48	10	14	0	21	10	0
V24	192	0	44	118	2	1	0	20	0	0	0	5	0	5
V25	1	41	30	10	1	2	0	4	9	0	0	1	0	0
V26	1	6	88	3	0	0	20	22	6	106	0	33	0	4
V27	84	182	9	17	0	4	3	19	113	0	6	0	13	6
V28	521	2	7	0	0	0	1	2	4	0	0	0	2	3
V29	15	80	87	63	0	0	45	38	61	47	7	0	4	0
V30	5	24	4	5	0	0	3	0	17	5	0	0	0	0
V31	0	0	79	70	0	0	20	42	0	10	66	10	0	0
V32	0	29	47	1	1	2	0	37	4	0	0	6	0	0
V33	0	4	0	37	0	0	38	17	0	6	11	13	9	0
V34	153	0	105	23	58	43	14	27	0	0	59	0	3	9
V35	18	2	11	101	12	26	8	12	0	11	0	23	0	18
V36	22	0	287	51	12	5	10	44	0	13	21	0	6	0
V37	4	17	6	2	8	97	1	6	3	0	0	0	0	0
V38	16	25	51	0	14	2	5	15	24	0	0	0	0	0
V39	2	55	19	15	0	3	20	34	33	6	0	10	0	0
V40	13	22	38	62	2	1	18	11	3	0	0	8	8	15
V41	1	79	6	12	27	55	91	0	32	54	4	0	0	0
V42	40	9	0	53	2	2	25	0	7	4	0	0	0	0
V43	0	291	2	8	3	26	49	0	30	22	0	67	0	4
V44	0	3	47	0	20	0	30	40	1	24	0	0	0	16
V45	0	18	26	37	0	0	0	43	4	3	23	0	6	0
V46	16	54	0	101	38	32	6	0	9	3	9	0	37	22
V47	13	100	3	0	36	7	1	5	45	16	0	0	0	7
V48	3	2	78	57	18	19	2	21	0	5	10	0	0	4
V49	70	447	1	4	7	12	17	0	40	23	0	5	0	7
V50	5	94	39	39	2	1	5	23	22	10	0	0	2	0
V51	19	4	29	9	7	15	76	13	2	28	0	5	9	0
V52	130	15	73	6	0	0	8	65	16	0	0	0	9	4
V53	0	0	95	56	220	98	46	82	2	10	0	0	0	34
V54	92	9	0	144	0	0	0	0	0	17	0	0	41	0
V55	6	47	35	0	14	3	2	27	7	0	16	0	0	0
V56	135	0	9	49	0	0	21	0	0	47	44	4	11	0
V57	52	11	2	64	2	1	13	0	13	0	0	2	12	12
V58	53	206	23	32	7	0	36	15	53	22	0	0	0	69
V59	6	0	71	28	43	24	26	60	0	31	0	55	0	0
V60	64	62	5	14	156	16	0	1	13	29	0	1	10	3
V61	0	10	44	153	4	2	0	104	4	0	50	0	0	0
V62	88	92	20	66	10	7	10	37	16	7	0	7	32	7
V63	16	15	18	0	0	0	12	27	0	14	0	0	7	4
V64	97	53	20	0	0	0	47	17	12	18	0	0	0	6
V65	433	33	46	0	52	67	8	20	2	0	11	64	12	0
V66	84	36	35	0	16	21	19	10	7	2	4	0	14	0
V67	20	5	23	2	101	52	15	24	3	11	0	43	0	0
V68	0	27	9	16	5	0	4	4	9	5	0	2	3	1
V69	22	31	1	0	13	63	36	0	2	19	0	0	0	0
V70	101	2	8	4	1	0	0	0	1	1	0	0	14	4
V71	0	1	2	27	4	6	3	0	0	0	2	3	6	0
V72	12	6	0	196	16	10	26	0	5	21	6	8	41	0
V73	1	0	4	113	1	10	81	2	0	28	0	19	14	0
V74	52	95	22	35	3	4	1	11	10	4	27	21	17	0
V75	8	33	94	9	0	8	7	27	4	0	3	10	0	0
V76	10	13	1	6	0	0	17	0	1	17	0	6	0	3
V77	0	43	1	11	69	147	42	0	16	8	0	6	3	2
V78	37	116	5	16	36	9	4	0	15	19	37	27	0	0
V79	137	6	1	90	0	0	3	0	1	4	1	0	17	2
V80	18	135	104	60	0	1	2	71	21	12	0	8	8	11
V81	0	104	26	1	57	10	2	7	28	1	46	3	0	0
V82	35	3	1	13	3	0	5	0	1	1	3	0	7	0
V83	0	61	0	130	71	5	11	0	47	4	0	25	11	2
V84	20	0	19	6	0	0	2	15	0	1	0	7	4	0
V85	8	9	0	94	0	0	4	2	0	0	0	0	1	0
V86	50	59	21	58	8	17	9	7	29	3	0	2	2	0
V87	564	2	25	0	19	19	11	28	0	26	0	7	36	39
V88	7	12	18	13	17	12	1	8	3	10	0	0	0	8
V89	5	27	2	5	79	103	0	0	19	0	0	17	0	5
V90	77	76	129	0	41	22	9	49	37	7	5	0	35	38
V91	4	36	22	7	7	5	5	15	1	6	0	0	0	5
V92	20	14	4	0	14	4	103	0	0	90	42	50	0	0
V93	286	2	0	19	0	0	1	0	4	13	0	55	0	0
V94	14	15	43	136	1	2	3	35	2	11	0	0	0	34
V95	1	0	12	114	0	3	1	6	0	0	0	8	0	0
V96	193	28	41	5	27	98	17	49	35	16	0	4	5	0
V97	28	5	15	14	28	9	25	1	0	38	0	40	0	28
V98	9	24	11	4	24	75	57	5	16	0	0	43	0	0
V99	15	11	261	6	35	35	46	28	10	24	0	22	0	8
V100	17	2	0	3	16	11	1	1	3	3	0	0	0	0
