Mutation	V1	V2	V3	V4	V5	V6	V7	V8	V9	V10	V11	V12	V13	V14	V15	V16	V17	V18	V19	V20	V21	V22	V23	V24	V25	V26	V27	V28	V29	V30	V31	V32	V33	V34	V35	V36	V37	V38	V39	V40	V41	V42	V43	V44	V45	V46	V47	V48	V49	V50	V51	V52	V53	V54	V55	V56	V57	V58	V59	V60	V61	V62	V63	V64	V65	V66	V67	V68	V69	V70	V71	V72	V73	V74	V75	V76	V77	V78	V79	V80	V81	V82	V83	V84	V85	V86	V87	V88	V89	V90	V91	V92	V93	V94	V95	V96	V97	V98	V99	V100
1:Del:C:0	3	13	18	11	26	11	2	0	4	0	46	0	1	6	1	18	7	10	0	1	18	40	35	3	25	2	97	11	5	17	6	6	1	53	8	1	3	0	16	20	15	1	1	9	4	4	1	47	2	16	7	1	32	9	51	28	3	1	57	8	31	8	6	4	10	3	36	35	20	0	16	13	14	4	3	0	25	30	30	0	0	61	11	48	14	50	60	10	3	7	28	8	8	9	5	8	32	32	9	12
1:Del:C:1	1	3	9	4	5	4	1	2	1	1	10	1	2	1	0	2	0	1	0	0	8	10	12	0	8	0	22	9	0	4	4	4	0	17	3	0	0	0	7	8	2	2	0	8	3	2	1	8	2	3	3	2	9	1	19	16	4	1	13	1	11	5	1	1	4	3	10	15	11	0	3	2	5	1	1	1	7	12	4	0	0	12	3	8	4	16	8	3	3	5	18	9	0	3	0	3	17	12	4	3
1:Del:C:2	0	0	0	0	0	1	0	0	0	0	0	0	0	0	0	0	0	0	0	0	0	0	2	0	0	0	3	1	0	0	0	0	0	0	0	0	0	0	0	0	1	1	0	0	1	0	0	0	0	0	1	1	1	0	2	3	0	0	0	0	0	0	0	0	1	0	0	2	0	0	0	0	0	0	0	0	0	0	0	0	0	0	1	0	0	0	0	0	0	0	2	0	0	0	0	1	2	1	0	0
1:Del:C:3	0	2	1	1	1	2	1	1	0	0	1	0	1	0	0	1	0	0	1	0	0	0	4	1	3	1	4	0	0	0	2	1	0	3	2	1	0	0	1	0	2	2	0	1	0	0	0	1	0	0	1	0	1	0	3	4	0	1	2	0	1	0	0	1	0	1	0	1	2	0	0	1	0	0	0	1	1	2	0	0	0	1	1	2	2	1	1	0	1	0	1	0	1	2	1	3	0	3	0	0
1:Del:C:4	0	0	2	1	0	0	0	0	1	0	3	0	0	0	0	0	0	0	2	0	2	1	5	0	0	2	6	1	0	0	0	0	2	0	0	2	2	0	0	1	1	0	2	0	1	0	0	2	0	0	0	0	0	0	0	1	2	1	4	0	2	0	0	0	0	0	1	2	1	0	1	0	0	0	0	1	1	0	1	1	0	4	0	3	0	2	4	3	0	2	0	1	0	0	0	3	2	2	1	0
1:Del:C:5	0	0	0	0	0	1	0	2	1	0	0	1	4	1	0	1	0	2	2	2	1	0	2	6	0	5	0	1	1	1	0	0	2	0	0	7	3	1	0	3	0	0	4	1	0	0	0	0	0	0	2	0	0	1	0	6	0	3	0	0	0	0	6	1	0	1	2	1	0	0	1	3	1	1	0	1	0	0	1	0	0	2	1	0	1	0	1	6	1	0	1	3	1	2	1	6	0	1	1	2
1:Del:T:0	2	8	7	4	10	14	1	2	1	1	12	0	4	1	1	5	1	2	0	2	11	5	11	1	10	3	29	9	2	5	1	8	0	19	4	2	3	0	14	8	7	1	1	3	6	2	1	5	1	3	4	5	16	3	19	10	2	3	20	6	9	6	2	4	4	1	7	9	11	1	3	4	7	6	0	1	13	12	6	1	0	14	5	19	4	10	11	3	1	5	13	14	1	4	2	3	13	19	3	7
1:Del:T:1	0	3	3	0	5	2	1	0	3	0	13	0	1	0	0	2	0	2	0	0	1	6	5	0	6	0	14	5	0	2	1	1	0	7	0	1	0	0	2	3	2	0	0	0	2	0	0	8	2	4	0	3	3	0	8	13	2	1	11	1	6	0	2	0	0	0	4	10	9	0	4	1	2	0	1	1	2	5	3	1	0	10	3	6	1	6	7	0	0	0	3	2	1	1	1	1	7	6	2	1
1:Del:T:2	0	1	6	3	14	1	0	1	0	0	6	0	1	0	0	8	1	2	1	1	5	19	5	1	5	5	25	6	3	8	0	2	0	15	1	2	3	2	6	3	6	0	2	3	1	1	0	10	3	7	4	0	8	2	16	6	4	0	13	5	6	4	8	1	0	3	11	8	9	0	9	5	5	3	1	0	6	10	6	0	0	13	3	14	6	16	12	0	0	1	9	4	1	4	1	2	10	10	3	5
1:Del:T:3	1	6	7	3	7	1	2	2	4	0	19	2	5	1	1	8	2	3	2	1	14	14	13	5	18	6	25	6	4	11	0	4	3	20	0	14	6	0	7	15	1	0	2	3	1	3	0	12	2	3	2	2	7	5	15	24	6	4	19	4	8	4	5	1	1	3	13	10	9	0	4	3	6	3	0	1	9	5	8	1	0	20	5	18	10	12	24	8	1	2	4	6	3	4	2	5	15	7	5	5
1:Del:T:4	4	4	4	7	5	1	1	2	6	1	11	3	6	4	0	6	3	4	5	3	15	9	10	5	9	22	20	4	10	9	1	1	9	20	0	24	11	0	5	21	2	2	13	3	0	1	0	7	4	4	2	1	2	1	14	18	8	6	15	0	8	1	12	1	5	3	8	11	14	1	7	3	8	7	2	0	9	9	11	1	0	28	4	16	8	14	16	11	1	1	15	9	1	3	1	8	7	12	4	3
1:Del:T:5	17	0	2	10	52	2	4	63	4	1	1	31	89	74	23	45	1	29	84	46	7	0	145	109	48	376	13	0	50	82	1	8	79	21	6	285	151	0	19	225	2	10	146	1	2	34	1	46	20	1	34	3	10	9	1	159	30	98	12	19	2	5	155	15	3	10	77	1	70	14	22	73	83	7	24	9	27	3	60	13	1	38	5	27	61	6	2	126	0	4	75	72	6	0	45	162	14	23	43	46
1:Ins:C:0	0	0	0	0	0	0	0	0	0	0	0	0	0	0	0	0	0	0	0	0	0	0	0	0	0	0	0	0	0	0	1	0	0	0	0	0	0	0	1	0	0	0	0	0	1	0	0	0	0	0	0	2	0	0	0	0	0	0	0	0	0	0	0	0	0	0	0	0	0	0	0	0	0	0	0	0	0	0	0	0	0	0	0	0	0	1	0	1	0	0	1	0	0	0	0	0	0	1	0	0
1:Ins:C:1	0	1	0	0	0	0	1	0	0	0	0	0	0	0	0	0	0	0	0	0	0	0	2	0	0	0	1	0	0	0	0	0	0	0	0	0	0	0	1	0	0	0	0	0	0	0	0	0	0	0	0	0	3	1	0	1	0	0	0	0	0	1	0	0	0	0	0	0	0	0	0	0	0	0	0	0	0	0	0	0	0	0	0	0	0	0	0	0	0	0	0	1	0	0	0	0	0	1	0	1
1:Ins:C:2	0	0	0	0	0	0	1	0	0	0	0	0	0	0	0	0	0	0	0	0	0	0	0	0	0	1	0	0	0	0	0	0	0	0	2	0	0	0	0	0	0	0	0	0	0	1	0	0	0	1	0	0	0	0	1	0	0	0	0	0	0	0	0	0	0	0	0	0	0	0	0	0	0	0	0	0	0	1	0	0	0	0	0	0	0	0	0	0	0	0	0	0	0	0	0	0	0	1	0	0
1:Ins:C:3	0	0	0	0	0	0	0	0	0	0	0	1	0	0	0	0	0	0	0	0	0	0	0	0	0	0	0	0	0	0	0	0	0	0	0	0	0	0	0	0	0	0	0	0	0	0	0	0	0	0	0	0	0	0	0	0	0	1	0	0	0	0	0	0	0	0	0	0	0	1	0	0	0	0	0	0	0	0	0	0	0	0	0	0	0	0	0	0	0	0	0	0	0	0	0	0	0	0	0	0
1:Ins:C:4	0	0	0	0	1	1	0	0	1	3	0	1	0	1	0	0	1	1	0	0	0	3	6	0	1	1	0	5	1	1	2	0	3	0	0	0	6	0	0	3	2	3	7	0	11	1	0	1	1	2	0	2	0	0	0	0	0	5	0	0	0	1	1	4	2	0	0	0	0	1	1	1	2	1	0	0	1	0	1	0	0	7	2	1	6	7	2	0	0	4	5	3	0	0	3	0	1	2	1	1
1:Ins:C:5	97	15	17	1	139	19	114	21	2	29	43	1	1	125	52	77	29	6	131	27	25	29	10	20	19	8	7	177	73	77	63	31	87	3	1	106	94	53	26	54	8	1	5	131	1	3	141	40	79	5	81	7	208	25	1	89	25	46	16	128	24	304	210	48	14	32	271	9	11	259	0	44	52	0	66	40	39	13	2	3	1	2	7	139	28	23	169	2	1	139	65	14	9	2	58	54	35	3	19	9
1:Ins:T:0	0	0	3	1	1	0	0	0	0	0	1	0	0	2	0	1	0	0	0	0	0	2	4	0	2	1	5	1	4	2	1	0	0	2	0	1	0	0	1	2	0	0	0	1	1	1	0	4	0	1	0	0	1	0	2	2	0	0	3	0	1	0	0	1	1	1	2	1	3	0	1	0	0	0	0	0	3	1	1	0	0	2	2	1	2	3	2	0	0	1	3	0	0	0	0	2	4	1	0	0
1:Ins:T:1	0	0	1	0	0	2	0	0	0	0	0	0	0	0	0	0	0	0	0	0	1	1	3	0	1	0	4	0	0	0	2	0	0	0	0	1	0	0	1	1	0	0	0	0	0	0	0	1	0	0	0	1	0	1	2	2	0	0	2	3	0	1	0	1	0	0	2	1	1	0	0	0	1	2	0	0	1	1	0	0	0	2	1	2	1	2	1	0	0	0	0	1	0	0	1	1	0	2	0	1
1:Ins:T:2	32	1	18	0	1	43	0	6	10	88	22	19	7	3	15	4	23	3	0	1	2	60	111	3	18	3	2	95	0	5	15	2	15	0	4	0	110	8	2	27	57	33	83	5	192	56	21	28	16	21	0	47	11	10	3	4	31	80	4	5	8	18	3	47	18	8	5	12	0	0	35	21	46	28	29	27	11	65	0	1	6	73	62	5	211	159	9	14	13	67	56	103	16	9	90	4	115	28	38	18
1:Ins:T:3	1	0	1	0	0	0	0	0	0	0	0	0	0	0	1	1	0	1	0	0	0	0	0	0	0	2	1	2	0	0	1	0	0	0	0	0	0	0	0	2	0	0	0	0	1	0	0	0	0	1	1	0	0	2	1	0	1	0	0	0	0	0	0	0	0	0	0	0	3	1	0	0	1	0	0	3	0	0	0	1	0	1	0	0	0	1	2	0	2	0	1	1	0	0	0	0	0	0	0	0
1:Ins:T:4	1	0	2	0	0	2	0	0	0	2	1	3	0	1	1	0	0	0	3	3	0	0	3	1	0	1	0	8	5	2	4	0	0	1	0	0	1	3	0	1	0	3	2	0	0	0	0	0	0	3	0	0	0	0	0	0	1	3	0	0	0	0	2	3	0	0	2	2	3	0	1	0	1	0	1	4	3	0	1	0	0	2	1	1	1	0	2	0	1	0	0	0	2	0	0	2	1	0	0	1
1:Ins:T:5	47	43	55	1	24	104	28	4	42	43	13	42	9	3	10	13	6	37	49	108	26	23	54	3	17	107	1	302	68	36	78	6	10	6	1	20	0	28	1	4	2	98	55	2	2	28	6	2	2	36	9	3	2	3	56	46	25	100	2	6	23	1	5	103	13	2	19	47	49	58	22	19	3	15	4	203	47	2	3	52	12	116	34	12	51	2	52	22	169	6	9	42	50	68	35	48	116	21	5	4
2:Del:R:0	0	1	1	0	1	3	0	0	0	1	1	1	0	0	0	1	1	1	0	0	0	3	1	0	2	0	3	1	0	2	0	1	0	5	3	0	0	0	2	1	0	2	0	0	3	0	0	3	0	0	0	3	2	2	5	2	0	0	4	1	2	0	0	0	0	1	2	1	1	1	1	0	1	0	0	0	1	0	1	0	0	1	0	2	2	0	1	0	0	0	2	0	0	2	0	1	0	2	0	2
2:Del:R:1	1	0	0	1	0	2	2	3	0	0	2	0	0	2	0	1	0	0	0	0	2	1	3	0	2	3	2	1	0	0	1	0	0	0	0	2	0	1	2	2	0	0	0	0	3	0	0	1	0	0	0	0	1	3	4	3	1	0	1	0	0	2	0	2	2	0	1	0	1	0	0	1	1	0	0	0	1	0	0	0	0	2	1	0	1	1	1	1	0	0	4	1	0	2	1	2	0	3	0	1
2:Del:R:2	0	0	0	0	0	0	1	0	0	0	1	0	0	0	0	0	0	0	0	1	0	0	0	0	1	4	0	0	0	0	0	0	1	1	0	0	0	0	1	1	0	0	0	0	0	1	0	0	0	0	1	0	0	0	0	1	0	0	0	0	0	0	0	0	0	0	1	0	0	0	1	0	0	0	0	0	1	0	0	0	0	0	0	0	0	0	0	0	0	0	0	0	1	0	0	1	1	0	0	1
2:Del:R:3	0	0	0	0	0	0	0	0	0	0	0	0	0	0	0	0	0	0	0	0	0	0	0	0	0	1	2	0	0	0	0	0	0	0	0	2	1	1	0	0	0	0	0	0	0	0	0	1	0	0	0	0	0	0	0	0	0	0	0	0	0	0	0	0	0	0	0	0	1	0	0	0	0	0	0	0	1	0	0	0	0	0	0	1	0	0	0	0	0	0	0	1	0	0	0	0	0	0	0	1
2:Del:R:4	0	0	0	0	0	0	0	0	0	0	0	0	0	0	0	0	0	0	0	0	0	0	0	0	0	0	0	0	0	0	0	0	0	0	0	0	0	0	0	1	0	0	0	0	0	0	0	0	0	0	0	0	0	0	0	0	0	0	0	0	0	0	0	0	0	0	0	0	0	0	0	0	0	0	0	0	0	0	0	0	0	0	0	0	0	0	0	1	0	0	1	0	0	0	0	0	0	0	0	0
2:Del:R:5	0	0	0	0	0	0	0	0	0	1	0	0	0	0	0	0	0	0	0	0	0	0	1	0	0	0	0	0	0	0	0	0	0	0	0	1	0	0	1	0	0	0	0	0	1	0	0	0	0	0	0	0	0	0	0	0	0	0	0	0	0	0	0	0	0	0	0	0	0	0	0	0	0	0	0	0	0	0	0	0	0	0	1	0	0	1	0	0	0	0	0	0	0	0	0	0	0	0	1	0
3:Del:R:0	0	0	0	0	0	1	0	1	0	0	0	0	0	0	0	0	0	0	1	0	0	0	4	0	1	0	1	1	1	0	1	0	0	1	1	0	0	1	1	1	0	0	0	1	2	0	0	0	0	0	0	0	5	1	3	3	0	0	0	1	0	0	0	0	0	0	1	0	1	0	0	0	0	1	0	0	0	1	0	0	0	0	0	0	1	3	0	0	0	0	1	3	0	0	0	4	0	6	0	1
3:Del:R:1	0	1	0	0	1	1	0	1	0	0	1	0	0	1	0	1	0	0	0	1	1	0	4	1	1	2	1	0	0	0	1	0	2	1	0	3	0	0	0	2	1	1	0	0	0	0	1	1	0	0	0	0	1	0	0	1	0	0	1	0	1	0	1	4	0	0	1	2	1	0	1	1	0	1	0	0	1	0	0	0	0	3	0	1	0	0	2	1	1	0	0	1	0	0	2	0	2	1	0	1
3:Del:R:2	0	0	0	0	1	0	0	0	0	0	1	0	0	0	0	0	0	0	1	0	0	0	0	1	0	2	1	0	0	0	0	0	0	0	0	1	0	0	0	1	0	0	1	0	0	0	0	0	0	1	0	0	0	0	1	0	0	0	0	1	0	0	1	0	1	0	1	1	0	0	0	0	0	0	0	1	0	0	0	0	0	0	0	1	0	0	1	0	0	0	0	1	0	0	0	2	0	1	1	0
3:Del:R:3	0	0	1	0	1	0	0	0	0	0	0	0	0	0	0	0	0	0	0	0	0	0	0	0	0	0	0	0	0	0	0	0	0	0	0	0	0	0	0	0	0	0	0	0	0	0	0	0	0	0	0	0	0	0	0	0	0	1	0	0	0	0	0	0	0	0	0	0	0	0	0	0	0	0	0	0	0	0	0	0	0	0	0	0	0	0	0	0	0	0	0	1	0	0	0	0	0	0	0	0
3:Del:R:4	0	0	0	0	0	0	0	0	0	0	0	0	0	0	0	0	0	0	0	0	0	0	0	0	0	0	0	0	0	0	0	0	0	0	0	0	0	0	0	0	0	0	0	0	0	0	0	0	0	0	0	0	0	0	0	0	0	0	0	0	0	0	0	0	0	0	0	0	0	0	0	0	0	0	0	0	0	0	0	0	0	0	0	0	0	0	0	0	0	0	0	0	0	0	0	0	0	0	0	0
3:Del:R:5	0	0	0	0	0	0	0	0	0	0	0	0	0	0	0	0	0	0	0	0	0	0	0	0	0	0	0	0	0	0	0	0	0	0	0	0	0	0	0	0	0	0	0	0	0	0	0	0	0	0	0	0	0	0	0	0	0	0	0	0	0	0	0	0	0	0	0	0	0	0	0	0	0	0	0	0	0	0	0	0	0	0	0	0	0	0	0	0	0	0	0	0	0	0	0	0	0	0	0	0
4:Del:R:0	0	0	0	0	0	0	0	0	0	0	0	0	0	0	0	0	0	0	0	0	0	2	1	0	0	0	0	0	0	0	1	0	0	0	0	0	0	0	1	0	0	1	0	0	0	0	0	0	0	0	0	0	1	1	1	1	0	0	1	0	1	0	0	0	1	0	0	1	0	0	0	0	3	0	0	0	0	0	0	0	0	1	0	0	0	0	0	0	0	0	2	0	0	0	0	1	0	1	0	0
4:Del:R:1	5	0	5	0	0	13	0	3	2	19	4	5	2	1	6	1	5	3	0	0	0	23	32	2	3	0	1	17	1	0	7	2	3	1	0	0	33	1	0	16	14	8	18	3	61	9	5	9	2	4	0	17	1	2	1	1	6	33	2	1	4	7	2	12	7	0	2	6	2	1	15	10	14	4	6	5	6	7	0	0	2	18	14	1	59	46	5	3	2	21	16	27	5	4	13	4	37	12	11	3
4:Del:R:2	0	0	0	0	0	0	0	0	0	0	0	0	0	0	0	0	0	0	0	0	0	0	0	0	0	0	0	0	0	0	0	0	0	0	0	0	0	0	0	1	0	0	0	0	0	0	0	0	0	0	0	0	0	0	0	0	0	0	1	0	0	0	0	0	0	0	0	0	0	0	0	0	0	0	0	0	0	0	0	0	0	0	0	0	0	0	0	0	0	0	0	0	0	0	0	0	0	0	0	0
4:Del:R:3	0	0	0	0	0	0	0	0	0	0	0	0	0	0	0	0	0	0	0	0	0	0	0	0	0	0	0	0	0	0	0	0	0	0	0	0	0	0	0	0	0	0	0	0	0	0	0	0	0	0	0	0	0	0	0	0	0	0	0	0	0	0	0	0	0	0	0	0	0	0	0	0	0	0	0	0	0	0	0	0	0	0	0	0	0	0	0	0	0	0	0	0	0	0	0	0	0	0	0	0
4:Del:R:4	0	0	0	0	0	0	0	0	0	0	0	0	0	0	0	0	0	0	0	0	0	0	0	0	0	0	0	0	0	0	0	0	0	0	0	0	0	0	0	0	0	0	0	0	0	0	0	0	0	0	0	0	0	0	0	0	0	0	0	0	0	0	0	0	0	0	0	0	0	0	0	0	0	0	0	0	0	0	0	0	0	0	0	0	0	0	0	0	0	0	0	0	0	0	0	0	0	0	0	0
4:Del:R:5	0	0	0	0	0	0	0	0	0	0	0	0	0	0	0	0	0	0	0	0	0	0	0	0	0	0	0	0	0	0	0	0	0	0	0	1	0	0	0	0	0	0	0	0	0	0	0	0	0	0	0	0	0	0	0	0	0	0	0	0	0	0	0	0	0	0	0	0	0	0	0	0	0	0	0	0	0	0	0	0	0	0	0	0	0	0	0	0	0	0	0	0	0	0	0	0	0	0	0	0
5:Del:R:0	10	11	13	0	8	38	26	2	1	2	2	1	0	0	9	0	1	1	0	5	0	1	30	2	7	1	2	17	4	1	28	15	0	15	37	5	1	1	36	1	0	14	2	5	36	3	4	1	0	0	1	32	63	13	50	26	2	0	12	4	8	25	3	12	3	0	1	20	9	1	0	5	13	0	3	1	4	6	2	2	0	8	4	1	14	0	0	9	0	0	40	40	0	6	2	31	0	56	1	8
5:Del:R:1	0	0	0	0	0	0	0	0	0	0	0	0	0	0	0	0	0	0	0	0	0	0	0	0	0	2	0	1	0	0	0	0	0	0	0	1	1	0	0	3	0	0	0	0	0	0	0	0	0	0	0	0	1	0	1	1	0	0	0	0	0	0	0	0	0	0	0	0	0	0	1	1	0	0	0	0	0	0	0	0	0	0	0	0	0	0	0	0	0	0	0	0	0	0	1	0	0	0	0	0
5:Del:R:2	0	0	0	0	0	0	0	0	0	0	0	0	0	0	0	0	0	1	0	0	0	0	0	1	0	0	1	0	0	0	0	0	0	0	1	0	0	0	0	1	0	0	0	0	1	0	0	0	0	0	0	0	0	0	0	0	0	1	0	0	0	0	1	0	0	0	0	1	0	0	0	0	0	0	0	0	0	0	0	0	0	0	0	0	0	0	0	0	0	0	0	0	0	0	0	0	0	0	0	0
5:Del:R:3	0	0	0	0	0	0	0	0	0	0	0	0	0	0	0	0	0	0	0	0	0	0	0	0	0	0	0	0	0	0	0	0	0	0	0	0	0	0	0	0	0	0	0	0	0	0	0	0	0	0	0	0	0	0	0	0	0	0	0	0	0	0	0	0	0	0	0	0	0	0	0	0	0	0	0	0	0	0	0	0	0	0	0	0	0	0	0	0	0	0	0	0	0	0	0	0	0	0	0	0
5:Del:R:4	0	0	0	0	0	0	0	0	0	0	0	0	0	0	0	0	0	0	0	0	0	0	0	0	0	0	0	0	0	0	0	0	0	0	0	0	0	0	0	0	0	0	0	0	0	0	0	0	0	0	0	0	0	0	0	0	0	0	0	0	0	0	0	0	0	0	0	0	0	0	0	0	0	0	0	0	0	0	0	0	0	0	0	0	0	0	0	0	0	0	0	0	0	0	0	0	0	0	0	0
5:Del:R:5	0	0	0	0	0	0	0	0	0	0	0	0	0	0	0	0	0	0	0	0	0	0	0	0	0	0	0	0	0	0	0	0	0	0	0	0	0	0	0	0	0	0	0	0	0	0	0	0	0	0	0	0	0	0	0	0	0	0	0	0	0	0	0	0	0	0	0	0	0	0	0	0	0	0	0	0	0	0	0	0	0	0	0	0	0	0	0	0	1	0	0	0	0	0	0	0	0	1	0	0
2:Ins:R:0	0	0	0	0	0	0	0	0	0	0	0	0	0	1	0	0	0	0	0	0	0	0	0	0	0	0	1	0	0	0	0	0	0	0	0	0	0	0	0	0	0	0	0	0	1	0	0	0	0	0	0	0	5	0	3	1	0	0	0	1	0	0	0	1	0	0	0	0	1	0	0	0	0	0	0	0	0	0	0	0	0	0	0	1	0	0	0	0	0	0	0	2	0	0	0	0	0	0	0	1
2:Ins:R:1	0	0	0	0	1	0	0	0	1	0	0	0	0	0	1	0	0	0	0	0	0	1	0	0	0	0	0	0	0	1	0	1	0	0	1	0	0	0	0	0	0	0	0	0	0	0	0	1	0	0	0	0	1	0	1	1	0	0	1	0	0	0	0	0	2	0	0	1	1	0	0	0	0	0	0	0	0	0	0	0	0	0	0	1	0	1	0	0	0	0	0	0	0	0	0	0	0	0	0	0
2:Ins:R:2	0	0	0	0	0	0	1	0	0	0	0	0	0	1	0	0	0	0	0	1	0	0	0	0	0	1	0	0	0	0	0	0	0	0	0	0	0	0	0	0	0	0	0	0	0	0	0	0	0	0	0	0	0	0	0	1	0	0	0	0	0	0	0	0	0	0	0	0	0	0	0	0	1	0	0	0	1	0	0	0	0	0	0	0	0	0	0	0	0	0	1	0	0	0	0	0	0	0	0	0
2:Ins:R:3	0	0	0	0	0	0	0	0	0	0	0	0	0	0	0	0	0	0	0	0	0	0	0	0	0	0	0	0	0	0	0	0	0	0	0	0	0	0	0	0	0	0	1	0	0	1	0	0	0	0	0	0	0	0	0	0	0	0	1	0	0	0	1	0	0	0	0	0	0	0	0	0	1	0	0	0	0	0	0	0	0	0	0	0	0	0	0	0	0	0	1	1	0	0	0	0	0	0	0	0
2:Ins:R:4	0	0	0	0	1	0	0	0	1	0	0	0	0	0	0	0	0	0	0	2	0	0	0	0	0	2	0	0	1	1	0	0	1	0	0	0	0	0	0	1	0	1	0	0	0	0	0	0	0	1	0	0	0	0	0	0	0	0	0	0	0	0	1	0	0	0	1	0	0	1	0	0	0	0	0	2	0	0	0	0	0	1	1	0	0	0	1	0	0	0	0	1	0	0	0	1	0	1	0	0
2:Ins:R:5	0	1	1	0	1	2	1	0	0	0	0	1	3	0	0	1	0	1	1	4	0	0	3	2	1	7	0	8	1	1	0	0	1	1	0	9	1	2	1	3	0	6	6	0	0	6	0	1	0	2	3	0	0	0	0	2	0	1	0	0	0	0	2	1	0	1	0	1	4	1	1	0	2	0	0	7	3	0	1	2	0	2	1	1	2	0	0	2	2	0	1	2	3	2	2	10	4	0	1	1
3:Ins:R:0	0	0	0	0	0	0	0	0	0	0	0	0	0	0	0	0	0	0	0	0	0	1	0	0	0	0	0	0	0	1	0	0	0	0	0	0	0	0	0	0	0	0	0	0	0	1	0	0	0	0	0	0	0	0	0	0	0	0	0	0	0	0	0	0	0	0	0	0	0	0	0	0	0	0	0	0	0	0	0	0	0	0	0	0	0	1	0	0	0	0	1	1	0	0	0	1	0	0	0	0
3:Ins:R:1	0	0	0	0	0	0	0	0	0	0	0	0	0	1	0	0	0	0	0	2	0	0	3	1	0	1	0	0	0	0	0	0	0	0	0	0	0	1	1	0	0	0	0	0	1	0	0	0	0	0	0	0	0	0	1	0	0	0	0	0	0	0	0	0	0	0	0	0	0	0	0	0	1	0	0	0	0	0	0	0	0	0	0	0	0	0	0	1	0	1	0	0	0	0	0	0	1	0	0	0
3:Ins:R:2	1	0	0	0	0	0	0	0	0	0	0	0	0	0	0	0	0	0	0	0	0	0	0	0	0	0	0	0	0	0	0	0	0	0	0	0	0	0	0	0	0	0	0	0	0	0	0	0	0	0	0	0	0	0	0	0	0	0	0	0	0	0	1	0	0	0	0	0	0	0	0	0	0	0	0	0	0	0	0	0	0	0	0	0	0	0	0	0	0	0	1	0	0	0	0	0	0	0	0	0
3:Ins:R:3	0	0	0	0	0	0	0	0	0	0	0	0	0	0	0	0	0	0	0	0	0	0	0	0	0	0	0	0	0	0	0	0	0	0	0	0	0	0	0	0	0	0	0	0	0	0	0	0	0	0	0	0	0	0	0	0	0	0	0	0	0	0	0	0	0	0	0	0	0	0	0	0	0	0	0	0	0	0	0	0	0	0	0	0	0	0	0	0	0	0	0	0	0	0	0	0	0	0	0	0
3:Ins:R:4	0	0	0	0	0	0	0	0	0	0	0	0	0	0	0	0	0	0	0	0	0	0	0	0	0	0	0	0	0	0	0	0	0	0	0	0	0	0	0	0	0	0	0	0	0	0	0	0	0	0	0	0	0	0	0	0	0	0	0	0	0	0	0	0	0	0	0	0	0	0	0	0	0	0	0	0	0	0	0	0	0	0	0	0	1	0	0	0	0	0	0	0	0	0	0	0	0	0	0	0
3:Ins:R:5	0	0	0	0	0	0	1	0	0	0	0	0	1	1	0	0	0	0	0	0	1	0	0	2	0	2	0	1	0	0	0	0	1	0	0	0	2	0	0	0	0	0	0	0	0	0	0	0	0	0	0	0	0	0	0	1	0	0	0	0	0	0	1	0	0	0	0	0	0	0	0	0	0	0	0	0	0	0	0	0	0	0	0	0	0	0	0	1	0	0	0	0	1	0	0	0	0	0	0	0
4:Ins:R:0	0	0	0	0	0	0	0	0	0	0	0	0	0	0	0	0	0	0	0	0	0	0	0	0	0	0	0	0	0	0	0	0	0	0	0	0	0	0	0	0	0	1	0	0	0	0	0	0	0	0	0	0	0	0	0	0	0	0	0	0	0	0	0	0	1	0	0	0	0	0	0	0	0	0	0	0	0	0	0	0	0	0	0	0	0	0	0	0	0	0	0	0	0	0	0	0	0	0	0	0
4:Ins:R:1	0	0	1	0	0	1	0	0	0	0	0	0	0	0	0	0	0	0	0	0	0	0	2	0	0	1	0	0	0	0	0	0	0	0	0	0	0	0	0	1	0	0	0	0	0	0	0	0	0	0	1	0	0	1	0	0	0	0	0	0	0	0	1	0	0	0	0	0	0	1	0	0	0	0	0	0	0	0	0	0	0	0	1	1	0	0	0	0	0	0	0	1	0	0	0	1	0	0	0	1
4:Ins:R:2	0	0	0	0	0	0	0	0	0	0	0	0	0	0	0	0	0	0	0	0	0	0	0	0	0	0	0	0	0	0	0	0	0	0	0	0	0	0	0	0	0	0	0	0	0	0	0	0	0	0	0	0	0	0	0	0	0	0	0	0	0	0	0	0	0	0	0	0	0	0	0	0	0	0	0	0	0	0	0	0	0	0	0	0	0	0	0	0	0	0	0	0	0	0	0	0	0	0	0	0
4:Ins:R:3	0	0	0	0	0	0	0	0	0	0	0	0	0	0	0	0	0	0	0	0	0	0	0	0	0	0	0	1	0	0	0	0	0	0	0	0	0	0	0	0	0	0	0	0	0	0	0	0	0	0	0	0	0	0	0	0	0	0	0	0	0	0	0	0	0	1	0	0	0	0	0	0	0	0	0	0	0	0	0	0	0	0	0	0	0	0	0	0	0	0	0	0	0	0	0	0	0	0	0	0
4:Ins:R:4	0	0	0	0	1	0	0	0	0	0	0	0	0	0	0	0	0	0	0	0	0	0	0	0	0	0	0	1	0	0	0	0	0	0	0	0	0	0	1	0	0	0	0	0	0	0	0	0	0	0	0	0	0	0	0	0	0	0	0	0	0	0	0	0	0	0	0	0	0	0	0	0	0	0	0	0	0	0	0	0	0	0	0	0	0	0	0	0	0	0	0	0	0	0	0	0	0	0	0	0
4:Ins:R:5	0	0	0	0	0	0	0	0	0	0	0	0	1	1	0	0	0	0	0	0	0	0	0	0	0	1	0	0	0	0	1	0	0	1	0	0	0	0	0	1	0	0	0	0	0	0	2	0	0	0	0	0	0	0	1	1	0	0	0	0	0	0	3	0	0	0	1	0	0	0	0	2	0	0	0	1	0	0	0	0	0	1	0	0	0	0	0	0	0	0	0	0	0	0	0	3	1	1	0	0
5:Ins:R:0	0	0	0	0	0	0	0	0	0	0	0	0	0	0	0	0	0	0	0	0	0	0	0	0	1	0	0	0	0	1	0	0	0	0	0	0	0	0	0	0	0	0	0	0	0	0	0	0	0	0	0	0	0	0	0	0	0	0	0	0	0	0	0	0	0	0	0	0	0	0	0	0	0	0	0	0	0	0	0	0	0	0	0	0	0	0	0	0	0	0	0	0	0	0	0	0	0	0	0	0
5:Ins:R:1	1	0	0	0	0	5	0	0	0	0	1	0	0	1	2	0	0	0	0	0	0	0	1	0	0	0	1	0	0	0	0	0	0	2	0	0	0	0	3	0	1	1	1	0	1	0	0	0	0	0	0	2	3	1	7	3	0	0	0	1	1	0	0	0	0	0	0	1	2	0	1	0	0	0	0	0	0	0	0	1	0	1	1	0	1	0	0	0	0	1	1	4	0	0	0	1	0	3	0	0
5:Ins:R:2	0	0	0	0	0	0	0	0	0	0	0	0	0	0	0	0	0	0	0	0	0	0	0	0	0	0	0	1	0	0	0	0	0	0	1	0	0	0	0	0	0	0	0	0	0	0	0	0	0	0	0	0	0	0	0	0	0	0	0	0	0	0	0	0	0	0	0	0	0	0	0	0	0	0	0	0	0	0	0	0	0	0	0	0	0	0	0	1	0	0	0	0	0	0	0	0	0	0	0	0
5:Ins:R:3	0	0	0	0	0	0	0	0	0	0	0	0	0	0	0	0	0	0	0	0	0	0	0	0	0	0	0	0	0	0	0	0	0	0	0	0	0	0	0	1	0	0	0	0	0	0	0	0	0	0	0	0	0	0	0	0	0	0	0	0	0	0	0	0	0	0	0	0	0	0	0	0	0	0	0	0	0	0	0	0	0	0	0	0	0	0	0	0	0	0	0	0	0	0	0	0	0	0	0	0
5:Ins:R:4	0	0	0	0	0	0	0	0	0	0	0	0	0	0	0	0	0	0	0	0	0	0	0	0	0	0	0	0	0	0	0	0	0	0	0	0	0	0	0	0	0	0	0	0	0	0	0	0	0	0	0	0	0	0	0	0	0	1	0	0	0	0	0	0	0	0	0	0	0	0	0	0	0	0	0	0	0	0	0	0	0	0	0	0	0	0	0	0	0	0	0	0	0	0	0	0	0	0	0	0
5:Ins:R:5	0	0	0	0	0	0	0	0	0	0	0	0	0	0	0	0	0	0	0	0	0	0	0	0	0	0	0	0	1	0	0	0	0	0	0	0	0	0	0	0	0	0	0	0	0	0	0	0	0	0	0	0	0	0	0	0	0	0	0	0	0	0	0	0	0	0	0	0	0	0	0	0	0	0	0	0	0	0	0	0	0	0	0	0	0	0	0	1	0	0	0	0	0	0	0	0	0	0	0	0
2:Del:M:1	0	0	0	0	1	3	0	0	0	0	0	0	0	1	1	1	0	0	0	1	2	0	2	0	1	0	0	1	2	0	0	0	0	0	1	0	0	0	1	0	1	1	0	0	1	0	0	0	0	0	0	0	2	0	1	1	0	0	0	0	1	0	1	1	0	0	0	2	0	0	0	1	0	0	0	0	1	0	1	1	0	3	0	0	0	0	0	0	0	0	1	1	1	0	0	0	0	0	1	0
3:Del:M:1	2	0	0	0	0	1	1	2	0	0	1	0	0	0	0	0	0	0	0	0	0	1	3	0	0	0	1	2	0	0	2	0	0	1	1	0	0	0	1	1	0	0	0	0	0	0	1	1	1	0	0	0	2	0	5	3	0	0	0	2	1	1	0	0	0	0	0	0	0	1	0	0	0	0	0	0	0	0	0	0	0	0	0	0	0	1	0	0	0	0	5	2	0	0	0	2	0	4	0	1
3:Del:M:2	0	1	0	0	1	1	0	0	0	1	1	0	0	0	1	1	0	0	0	2	0	0	2	1	0	3	0	0	0	0	0	0	0	0	1	1	2	1	0	0	0	1	0	0	1	1	1	0	0	1	0	0	2	0	1	0	0	1	1	0	1	1	0	2	1	0	0	1	0	0	1	0	0	0	1	0	0	0	0	0	0	1	1	0	0	0	0	0	1	0	0	2	0	0	0	0	0	1	1	0
4:Del:M:1	1	0	0	0	1	0	1	0	1	0	0	0	0	0	1	0	0	0	0	0	0	0	0	0	0	1	0	0	1	0	0	0	0	0	1	0	0	0	1	0	0	0	1	1	0	0	0	0	0	0	0	0	2	0	4	1	0	0	1	0	1	1	0	3	0	1	0	0	3	0	0	0	0	0	0	0	0	1	1	0	0	0	0	0	0	0	0	0	0	0	0	2	0	0	0	2	0	4	0	1
4:Del:M:2	0	0	1	0	1	0	0	0	0	0	0	0	0	0	0	0	0	0	0	0	0	0	1	1	1	1	1	0	0	0	0	0	0	0	0	0	0	0	0	1	0	0	0	0	0	1	0	0	0	0	0	0	0	0	0	0	0	0	0	0	0	0	0	0	0	0	0	2	0	0	0	0	0	0	0	0	0	0	0	0	0	0	1	0	0	0	0	0	0	0	1	1	0	0	0	0	0	1	0	0
4:Del:M:3	0	0	0	0	0	0	0	0	0	0	0	0	0	0	0	0	0	0	0	0	0	0	0	0	0	0	0	0	0	1	1	1	0	0	0	1	0	0	0	1	0	0	0	0	0	1	0	0	0	0	0	0	0	0	1	2	0	0	0	0	1	0	0	0	0	0	0	0	0	0	0	0	0	0	0	0	0	1	1	0	0	0	0	0	0	0	1	1	0	0	0	1	0	1	0	0	0	1	0	2
5:Del:M:1	18	20	9	0	5	55	21	2	2	2	10	3	0	0	8	0	4	5	0	4	0	1	32	5	5	1	5	20	1	0	26	17	0	15	58	3	1	3	47	7	1	15	0	6	39	6	5	3	3	0	3	32	66	19	53	27	1	3	4	7	9	18	4	21	2	0	2	32	11	6	0	2	12	0	1	3	2	8	0	5	0	10	6	0	20	2	0	7	1	0	54	51	1	3	4	30	0	49	1	18
5:Del:M:2	4	7	6	0	5	24	15	1	4	0	1	1	0	1	6	0	0	0	0	3	0	0	13	1	6	0	2	7	3	1	20	6	0	5	17	6	1	1	30	1	0	9	0	5	20	3	0	2	0	0	1	14	29	7	30	8	1	0	2	2	7	8	3	7	0	0	2	15	7	2	0	2	9	0	2	1	3	5	1	0	0	4	5	0	4	0	0	3	0	0	19	28	0	2	1	10	0	25	1	2
5:Del:M:3	5	9	5	0	1	10	7	1	1	1	1	0	0	0	1	0	0	0	0	0	1	0	6	0	1	0	0	4	2	0	5	1	0	2	5	3	0	0	6	0	0	4	1	1	7	1	0	0	0	0	0	3	12	3	2	7	1	0	3	1	2	5	0	3	0	0	0	2	4	0	0	0	4	0	1	0	1	2	0	0	0	3	3	0	2	1	1	0	0	0	8	4	0	0	1	3	0	14	0	1
5:Del:M:4	1	4	1	0	0	2	0	0	1	0	0	0	0	0	0	0	0	0	1	0	0	0	2	0	1	0	1	0	0	0	3	0	0	3	3	0	0	0	6	1	0	3	0	1	2	0	0	0	0	0	0	3	0	1	3	1	0	0	0	0	0	1	1	3	0	0	0	1	0	1	0	0	1	0	0	0	0	0	0	0	0	0	0	0	1	0	1	1	0	0	0	4	0	0	0	3	0	1	0	1
5:Del:M:5	0	0	2	0	2	3	0	0	0	0	0	0	1	0	2	0	0	0	0	0	0	0	2	2	1	3	0	0	0	0	2	0	0	0	0	0	0	0	1	1	0	1	1	0	1	1	0	0	0	0	0	1	4	0	2	0	1	1	0	1	0	0	0	2	1	0	0	0	2	0	0	0	1	0	0	0	0	0	0	0	0	2	1	0	0	0	0	0	0	0	2	2	0	1	1	3	0	1	0	0
