Mutation	V1	V2	V3	V4	V5	V6	V7	V8	V9	V10	V11	V12	V13	V14	V15	V16	V17	V18	V19	V20	V21	V22	V23	V24	V25	V26	V27	V28	V29	V30	V31	V32	V33	V34	V35	V36	V37	V38	V39	V40	V41	V42	V43	V44	V45	V46	V47	V48	V49	V50	V51	V52	V53	V54	V55	V56	V57	V58	V59	V60	V61	V62	V63	V64	V65	V66	V67	V68	V69	V70	V71	V72	V73	V74	V75	V76	V77	V78	V79	V80	V81	V82	V83	V84	V85	V86	V87	V88	V89	V90	V91	V92	V93	V94	V95	V96	V97	V98	V99	V100
1:Del:C:0	12	1	18	31	20	2	12	40	2	0	28	1	70	23	24	4	23	6	4	2	51	8	7	4	11	95	34	6	32	36	8	7	3	27	54	5	19	2	22	20	1	43	16	6	0	11	8	14	17	33	42	8	20	1	20	27	56	12	12	3	2	3	37	4	0	105	30	16	1	71	2	115	71	20	6	2	12	4	4	23	11	47	45	6	6	26	3	6	45	53	4	60	5	4	13	7	78	27	1	15
1:Del:C:1	6	0	7	9	4	2	3	12	2	0	11	0	15	19	8	2	8	1	2	0	18	1	0	1	1	20	15	2	17	12	4	3	2	6	14	3	8	8	5	5	0	12	6	4	1	2	5	5	6	7	18	3	6	1	7	1	22	5	4	2	4	1	12	1	0	37	14	9	0	20	1	25	15	6	2	0	2	2	3	17	6	26	17	2	3	12	1	3	20	14	2	18	1	2	3	7	24	8	0	5
1:Del:C:2	0	0	2	0	2	0	0	0	1	0	0	0	0	0	0	0	2	0	1	0	0	0	0	0	0	2	0	0	1	1	1	1	0	0	0	0	1	1	1	0	0	2	0	1	0	0	0	0	1	0	0	0	0	0	0	0	2	0	0	0	0	0	0	0	0	0	1	0	0	1	0	0	0	0	0	0	0	0	0	1	0	1	2	1	0	1	0	1	1	1	0	0	0	0	2	0	2	1	0	0
1:Del:C:3	1	0	2	1	3	0	1	0	1	0	1	0	3	2	0	0	0	0	1	0	5	0	0	0	0	2	1	0	0	3	0	0	0	3	4	1	2	0	0	2	0	1	1	1	0	0	4	0	1	1	0	0	0	0	1	1	6	2	0	1	1	0	0	0	0	6	0	0	0	2	0	1	2	1	0	1	0	2	0	3	1	5	6	0	0	2	0	2	3	4	1	2	0	0	0	0	3	0	0	0
1:Del:C:4	3	0	1	6	1	0	1	3	0	1	2	1	3	2	1	0	12	4	0	1	3	4	0	6	1	1	4	0	9	3	0	0	6	1	0	1	0	0	5	8	2	5	1	0	0	1	0	1	1	1	4	6	2	0	1	6	1	4	0	0	1	0	3	1	0	9	5	1	0	3	2	4	9	0	0	0	4	4	0	1	1	2	6	1	4	0	2	4	5	3	2	2	0	1	4	1	6	0	0	4
1:Del:C:5	1	2	0	0	0	1	0	0	0	2	0	1	0	0	1	1	0	1	0	0	0	0	2	0	1	0	0	0	1	2	1	0	1	0	0	0	2	0	0	1	1	0	0	1	2	0	0	0	0	0	0	0	1	0	1	0	0	0	1	3	0	1	1	0	2	0	0	0	1	0	3	0	5	6	0	0	0	5	0	1	0	0	1	0	1	0	0	2	2	1	0	1	3	2	0	4	0	0	0	0
1:Del:T:0	5	3	2	9	5	1	7	14	1	0	7	1	28	5	11	6	10	2	6	1	18	2	5	4	6	25	15	8	14	27	6	2	0	8	14	1	5	4	8	12	0	6	6	3	3	3	6	7	6	11	11	2	15	1	5	4	26	5	6	7	6	0	17	2	0	34	13	8	2	16	3	39	27	10	3	2	6	2	4	21	6	26	17	1	0	4	4	3	17	14	0	23	5	1	5	4	17	5	0	10
1:Del:T:1	1	0	1	1	1	0	1	9	1	0	6	0	11	4	3	1	2	0	0	0	7	1	3	0	2	10	3	2	6	4	3	1	0	3	6	0	6	0	3	0	1	7	2	2	0	1	3	3	1	2	9	1	3	0	2	5	5	2	0	0	1	1	5	0	0	9	10	1	1	5	1	12	7	4	0	1	4	0	2	8	1	11	7	2	2	5	0	4	4	3	1	11	2	0	4	2	6	2	0	9
1:Del:T:2	2	0	2	5	2	1	5	13	2	0	7	0	19	7	3	3	3	0	2	0	18	2	3	1	3	23	6	0	7	10	2	1	2	6	11	2	9	2	7	4	0	11	2	4	3	3	4	7	3	7	11	5	5	0	4	7	15	6	1	3	2	0	11	1	0	23	4	3	0	11	2	25	20	9	2	1	3	4	1	8	2	12	14	1	2	6	0	1	13	8	0	23	3	2	6	2	17	5	0	11
1:Del:T:3	5	0	4	9	5	1	6	18	4	1	8	1	33	7	14	5	5	1	2	0	25	1	8	1	2	29	19	2	4	13	3	1	0	10	22	2	6	5	3	9	2	17	6	2	1	7	9	6	7	9	14	2	9	1	6	13	21	5	2	8	1	0	11	2	0	48	18	5	0	20	1	31	20	8	1	0	6	10	1	11	5	8	8	2	4	7	3	1	13	18	2	26	4	4	3	6	28	11	0	10
1:Del:T:4	6	1	2	7	10	0	9	9	3	4	8	0	14	3	9	3	7	4	2	1	12	4	14	0	4	25	6	6	11	14	6	3	2	14	12	1	3	8	8	8	4	20	6	2	2	8	5	6	3	9	11	4	4	0	4	5	8	6	4	10	5	1	13	5	0	39	10	4	1	14	6	32	35	17	1	1	8	15	0	7	4	18	11	1	6	8	3	2	20	13	1	23	5	4	4	6	21	10	1	8
1:Del:T:5	31	32	3	4	21	0	58	11	6	62	1	1	11	2	29	25	6	25	40	1	39	5	190	0	38	26	44	5	17	67	57	26	75	1	6	20	0	1	2	81	18	0	3	15	60	26	2	16	17	13	2	83	5	0	12	41	4	4	14	193	15	6	18	11	4	154	4	7	5	0	66	4	147	142	0	1	62	280	1	5	6	8	125	2	66	1	39	44	141	50	0	132	115	127	8	59	38	4	1	23
1:Ins:C:0	0	0	0	0	1	0	0	0	0	0	0	0	0	1	0	0	0	0	0	0	0	0	0	0	0	0	0	0	2	1	1	1	0	0	0	0	1	0	0	0	0	0	0	0	0	0	1	0	1	0	0	0	0	0	0	0	1	0	0	0	0	0	0	0	0	0	0	1	0	0	0	0	0	0	0	0	0	0	0	2	0	2	1	0	0	0	0	0	0	1	0	0	0	0	0	0	0	0	0	0
1:Ins:C:1	0	0	0	0	0	0	0	0	0	0	0	0	0	0	0	0	0	0	0	0	0	0	0	0	0	0	0	0	0	0	0	0	0	1	0	0	1	0	0	0	0	0	0	0	0	0	1	1	0	0	0	0	0	0	0	0	0	0	0	0	0	0	1	0	0	0	0	1	0	0	0	0	0	0	0	0	0	0	0	0	0	0	4	0	0	0	0	0	0	1	0	0	0	0	1	0	0	0	0	1
1:Ins:C:2	0	0	0	0	0	0	0	0	0	0	0	0	0	0	0	0	0	0	0	0	0	0	0	0	0	0	0	0	1	1	0	0	1	0	0	0	0	0	0	0	0	0	0	0	0	0	0	0	0	0	0	0	0	0	0	0	0	0	0	1	0	0	0	0	0	0	0	0	0	0	0	0	0	0	0	0	0	0	0	0	0	1	1	0	0	0	0	0	0	1	0	0	0	0	0	0	0	0	0	0
1:Ins:C:3	0	1	0	0	0	0	0	0	0	0	0	0	0	0	0	0	0	0	0	0	0	0	0	0	0	0	0	0	1	1	0	0	0	0	0	0	0	0	0	1	0	0	0	0	0	0	0	0	0	0	0	1	0	0	0	0	0	0	0	0	0	0	0	0	0	0	0	0	0	0	0	0	0	1	0	0	0	0	0	0	0	0	0	0	0	0	0	0	0	0	0	0	0	0	0	0	0	0	0	0
1:Ins:C:4	1	0	0	0	0	0	0	0	0	1	0	1	0	0	0	0	0	0	0	0	0	0	0	0	0	1	0	0	2	1	0	0	1	0	0	0	0	0	0	0	0	0	0	0	1	0	1	0	0	0	1	0	1	0	0	0	1	0	1	0	0	0	0	0	0	0	0	0	0	2	0	0	0	1	0	0	0	0	0	0	0	0	0	0	0	0	2	0	1	1	0	1	1	0	0	1	0	0	0	0
1:Ins:C:5	1	7	3	2	0	1	1	1	0	0	0	7	0	0	0	5	0	0	0	1	1	0	1	1	0	0	0	2	2	8	2	1	1	1	0	1	0	3	0	3	0	0	0	0	3	3	5	1	0	0	6	1	2	3	2	1	0	0	3	2	1	3	1	1	0	10	0	0	8	7	2	0	3	4	0	2	2	1	6	2	3	1	2	0	1	0	1	2	1	0	0	8	0	8	3	5	1	0	0	0
1:Ins:T:0	1	0	0	0	1	0	0	0	1	0	1	0	3	1	0	1	0	0	0	0	3	0	0	1	0	1	3	0	2	4	0	0	0	0	2	0	0	2	1	1	1	1	1	1	0	0	0	1	0	2	0	1	3	0	2	1	5	0	0	1	0	1	3	1	0	6	2	0	0	2	1	3	2	0	0	1	0	0	0	4	0	1	3	0	0	1	0	0	2	4	0	3	0	1	1	1	1	1	0	1
1:Ins:T:1	2	0	0	2	2	0	0	0	0	0	1	0	3	1	0	0	3	1	0	0	1	0	0	0	0	3	2	0	1	2	0	0	1	0	1	1	1	0	0	0	0	3	2	0	1	1	3	1	0	1	3	0	0	0	1	0	2	0	0	2	1	0	0	0	0	2	2	4	0	2	0	3	0	0	0	0	0	0	0	3	0	7	3	0	0	2	0	1	3	0	0	1	0	0	2	0	3	1	0	2
1:Ins:T:2	0	0	0	0	1	0	0	1	0	0	1	0	2	1	1	0	1	0	0	0	0	0	0	0	0	1	2	0	1	0	0	0	0	0	1	0	0	0	0	0	0	0	0	0	0	0	0	0	0	0	0	0	0	0	0	0	1	0	0	0	0	0	0	0	0	3	0	0	0	0	0	0	0	0	0	1	0	1	0	0	0	0	1	0	0	0	0	2	1	0	0	1	0	1	0	1	2	0	0	0
1:Ins:T:3	0	0	1	0	0	0	0	0	0	0	0	0	2	0	0	2	0	0	0	1	2	1	0	0	0	1	0	1	1	1	0	0	1	0	1	0	0	0	0	0	0	0	0	0	0	0	1	1	0	0	1	0	0	1	0	0	0	0	0	1	1	1	0	0	0	1	0	0	0	3	2	1	2	0	0	0	0	1	3	2	0	3	0	0	0	0	0	0	0	1	0	0	0	0	0	2	0	0	0	0
1:Ins:T:4	0	2	0	3	0	0	0	0	0	2	0	4	1	0	0	3	1	1	1	2	0	1	0	1	0	0	0	1	4	4	0	0	0	4	0	0	1	2	1	1	1	0	0	0	1	1	2	3	1	0	2	1	4	1	0	1	1	0	2	0	2	4	3	1	0	5	0	0	3	7	0	0	2	4	0	1	1	1	1	2	2	1	1	1	0	0	2	1	0	2	0	2	2	3	4	4	0	1	3	1
1:Ins:T:5	16	71	44	64	5	57	11	14	4	14	10	312	5	5	1	99	14	8	3	77	10	2	6	20	4	3	1	53	163	169	4	19	30	55	8	26	20	110	5	7	4	2	3	0	54	75	128	2	7	11	176	4	58	42	31	9	91	37	70	4	60	156	27	28	23	169	32	1	81	252	23	14	7	89	3	78	39	6	138	21	50	18	16	20	19	4	6	50	18	7	0	109	1	105	97	260	1	52	63	16
2:Del:R:0	1	0	0	1	0	0	0	2	1	0	2	0	5	2	3	1	1	1	2	0	3	2	1	0	0	4	2	0	2	1	0	0	2	2	4	3	0	1	1	1	0	0	0	1	0	0	2	1	0	1	0	0	2	0	0	2	4	1	1	0	0	0	4	0	0	7	1	2	0	2	0	4	2	2	0	0	3	1	0	1	1	8	5	0	1	0	0	1	1	2	1	1	0	2	1	1	2	0	0	5
2:Del:R:1	1	5	1	1	1	2	0	0	2	0	1	3	0	4	1	1	6	2	4	1	1	1	1	0	0	0	0	0	4	1	1	0	1	3	3	7	1	1	0	1	1	1	0	1	1	0	2	6	1	0	2	0	3	2	7	1	6	0	2	5	2	0	2	2	1	3	0	5	0	0	0	4	2	4	0	2	3	1	0	7	10	5	6	0	1	1	6	1	2	2	1	1	11	1	0	7	6	0	0	0
2:Del:R:2	0	0	0	0	0	0	0	0	0	0	1	0	0	0	1	0	0	0	0	0	0	0	0	0	0	0	0	0	0	1	0	0	0	0	1	0	0	0	1	1	0	0	0	0	1	0	0	0	0	0	1	0	0	0	0	0	0	0	0	0	0	0	0	0	0	0	0	0	0	0	0	1	2	0	0	0	0	0	0	0	0	2	1	0	1	0	0	0	1	0	0	0	0	1	0	0	0	0	0	0
2:Del:R:3	0	0	0	0	0	0	0	0	0	0	0	0	0	0	0	1	0	0	0	0	0	0	1	0	0	0	0	0	0	0	1	0	0	0	0	0	0	0	0	0	0	0	0	0	0	0	0	0	0	0	0	0	0	0	0	0	0	0	0	0	0	0	0	0	0	0	0	0	0	0	0	0	0	1	0	0	0	0	0	0	0	0	0	0	0	0	0	0	0	0	0	0	0	1	0	0	0	0	0	0
2:Del:R:4	0	2	0	0	0	0	0	0	0	0	0	0	0	0	0	0	0	0	0	0	0	0	0	0	0	0	0	0	0	0	1	0	0	0	0	0	0	0	0	0	0	0	0	0	0	0	0	0	0	0	0	0	0	0	0	0	0	0	0	0	0	0	0	0	0	0	0	0	0	0	0	0	0	0	0	0	0	1	0	0	0	0	0	0	0	0	0	0	0	0	0	0	1	0	1	0	0	0	0	0
2:Del:R:5	0	0	1	0	0	0	0	0	0	0	0	0	0	0	0	0	0	0	0	0	0	0	0	0	0	0	0	0	0	0	0	0	0	0	0	0	0	0	0	0	0	0	0	0	0	0	0	0	0	0	0	0	0	0	0	0	0	0	0	1	0	0	0	0	0	0	0	0	0	0	0	0	0	0	0	0	1	0	0	1	0	1	0	0	0	0	0	0	0	0	0	0	0	0	0	0	0	0	0	1
3:Del:R:0	0	0	1	0	1	0	0	0	0	0	1	0	0	2	0	0	0	1	0	1	0	0	0	0	0	0	0	0	1	1	0	1	0	2	2	1	0	1	0	1	0	0	0	0	1	0	1	0	1	2	1	0	0	0	0	0	3	0	1	1	3	0	0	0	0	3	1	7	0	0	0	2	1	0	0	0	0	1	0	2	0	9	5	1	0	2	0	1	1	7	0	0	0	0	0	2	5	0	0	1
3:Del:R:1	1	1	0	0	0	0	1	0	0	1	0	2	2	0	0	2	1	0	1	1	1	0	3	0	0	2	2	0	1	2	0	0	1	1	1	0	0	0	2	1	0	0	0	0	2	1	1	0	2	2	2	1	1	0	1	0	2	2	0	1	1	1	0	0	1	2	1	0	1	0	0	0	2	3	0	0	0	3	1	0	2	1	0	0	3	0	0	4	0	0	0	2	1	1	3	2	2	2	0	1
3:Del:R:2	0	0	0	0	0	0	0	0	0	1	0	0	0	0	0	1	0	0	0	0	0	0	1	0	0	1	0	0	0	1	0	0	1	1	1	0	0	0	0	1	0	0	0	0	0	0	0	0	0	1	0	1	0	0	0	0	0	0	0	0	0	0	0	0	0	0	0	0	0	0	0	0	2	1	0	0	0	2	0	0	0	1	0	0	0	0	0	0	0	0	0	1	1	0	0	0	1	0	0	0
3:Del:R:3	20	135	7	8	3	58	0	0	45	5	4	39	3	11	4	31	94	37	48	37	1	45	0	15	22	46	1	0	12	0	0	1	6	26	36	43	3	10	0	13	26	0	6	0	46	26	11	125	1	5	4	8	52	14	84	0	56	1	7	73	1	1	37	20	0	3	6	2	3	2	10	3	10	11	9	56	40	4	3	68	92	1	3	9	0	19	106	5	16	27	31	1	99	6	5	65	34	15	8	2
3:Del:R:4	0	0	0	0	0	0	0	0	0	0	0	0	0	0	0	0	0	0	0	0	0	0	0	0	0	0	0	0	0	0	0	0	0	0	0	0	0	0	0	0	0	0	0	0	0	0	0	0	0	0	0	0	0	0	0	0	0	0	0	0	0	0	0	0	0	0	0	0	0	0	0	0	0	0	0	0	0	0	0	0	0	0	0	0	0	0	0	0	0	0	0	0	0	0	0	0	0	0	0	0
3:Del:R:5	0	0	0	0	0	0	0	0	0	0	0	0	0	0	0	0	0	0	0	0	0	0	0	0	0	0	0	0	0	0	0	0	0	0	0	0	0	0	0	0	0	0	0	0	0	0	0	0	0	0	0	0	0	0	0	0	0	0	0	0	0	0	0	0	0	0	0	0	0	0	0	0	0	0	0	0	0	0	0	0	0	0	0	0	0	0	0	0	0	1	0	0	0	0	0	0	0	0	0	0
4:Del:R:0	0	0	0	0	0	0	0	0	0	0	0	0	1	0	0	0	0	0	0	0	1	0	0	0	0	0	0	0	1	1	0	1	0	0	0	0	1	1	0	0	0	0	0	2	0	0	1	0	0	1	0	0	2	0	0	0	4	0	0	0	1	0	2	0	0	2	0	0	0	0	0	0	0	0	0	0	1	0	0	1	1	7	1	0	0	3	0	1	1	1	0	0	0	0	0	0	1	0	0	2
4:Del:R:1	0	0	0	0	0	0	0	1	0	0	1	0	1	0	1	0	0	0	0	0	3	0	1	0	1	1	0	0	0	2	0	0	1	0	1	0	0	0	0	0	2	0	1	0	0	0	0	0	1	0	1	0	0	0	0	0	1	0	1	1	0	0	0	0	0	4	0	3	0	3	1	1	1	0	1	0	0	0	0	1	0	1	0	0	0	1	0	1	1	1	0	0	1	0	0	1	0	0	0	0
4:Del:R:2	0	0	0	0	0	0	0	1	0	0	0	0	1	0	1	0	0	0	0	0	0	0	0	0	1	0	0	0	0	0	0	0	0	0	0	0	0	0	0	0	0	0	0	0	0	0	0	0	0	0	0	0	0	0	0	0	0	0	0	0	0	0	0	0	0	0	0	0	0	0	0	0	0	0	0	0	0	0	0	0	0	0	0	0	0	0	0	0	1	0	1	0	0	0	0	0	0	0	0	0
4:Del:R:3	0	0	0	0	0	0	0	0	0	0	0	0	0	0	0	0	0	0	0	0	0	0	0	0	0	0	0	0	0	0	0	0	0	0	0	0	0	0	0	0	0	0	0	0	0	0	0	0	0	0	0	0	0	0	0	0	0	0	0	0	0	0	0	0	0	0	0	0	0	0	1	0	0	0	0	0	0	0	0	0	0	0	0	0	0	0	0	0	0	0	0	0	0	0	0	0	0	0	0	0
4:Del:R:4	0	0	0	0	0	0	0	0	0	0	0	0	0	0	0	0	0	0	0	0	0	0	0	0	0	0	0	0	0	0	0	0	0	0	0	0	0	0	0	0	0	0	0	0	0	0	0	0	0	0	0	0	0	0	0	0	0	0	0	0	0	0	0	0	0	0	0	0	0	0	0	0	0	0	0	0	0	0	0	0	0	0	0	0	0	0	0	0	0	0	0	0	0	0	0	0	0	0	0	0
4:Del:R:5	0	0	0	0	0	0	0	0	0	0	0	0	0	0	0	0	0	0	0	0	0	0	0	0	0	0	0	0	0	0	0	0	0	0	0	0	0	0	0	0	0	0	0	0	0	0	0	0	0	0	0	0	0	0	0	0	0	0	0	0	0	0	0	0	0	0	0	0	0	0	0	0	0	0	0	0	0	0	0	0	0	0	0	0	0	0	0	0	0	0	0	0	0	0	0	0	0	0	0	1
5:Del:R:0	22	0	12	0	16	4	3	0	10	4	27	3	11	27	5	0	7	2	22	3	6	0	2	8	5	1	0	1	62	47	19	12	10	24	0	3	22	2	0	0	1	1	13	12	9	0	41	1	33	17	7	1	3	1	0	1	42	1	2	17	27	0	20	1	1	0	0	33	0	6	2	1	0	0	0	6	14	2	0	50	1	109	108	3	2	31	0	25	19	35	0	1	5	7	14	17	9	6	3	46
5:Del:R:1	0	0	0	0	0	0	1	0	0	0	0	0	0	0	0	1	0	0	1	0	0	0	0	0	0	1	0	0	1	1	0	0	0	0	0	0	0	0	0	0	0	0	0	0	0	0	0	0	0	0	0	0	0	0	0	0	0	0	0	0	0	0	0	0	0	0	0	0	0	0	1	0	4	1	0	0	0	1	0	1	0	0	1	0	0	0	0	1	0	1	0	0	0	2	0	0	0	0	0	0
5:Del:R:2	0	0	0	0	0	0	0	0	0	0	0	0	0	0	0	0	0	0	0	0	0	0	1	0	0	0	0	0	0	0	0	0	0	0	0	0	0	0	0	0	0	0	0	0	0	0	0	0	0	0	0	0	0	0	0	0	1	0	0	0	0	0	0	0	0	0	0	0	0	0	0	0	0	0	0	0	0	1	0	0	0	0	0	0	0	0	0	0	1	0	0	0	0	0	0	0	0	0	0	0
5:Del:R:3	0	0	0	0	0	0	0	0	0	0	0	0	0	0	0	0	0	0	0	0	0	0	0	0	0	0	0	0	0	0	0	0	0	0	0	0	0	0	0	0	0	0	0	0	0	0	0	0	0	0	0	0	0	0	0	0	0	0	0	0	0	0	0	0	0	0	0	0	0	0	0	0	0	0	0	0	0	0	0	0	0	0	0	0	0	0	0	0	0	0	0	0	0	0	0	0	0	0	0	0
5:Del:R:4	0	0	0	0	0	0	0	0	0	0	0	0	0	0	0	0	0	0	0	0	0	0	0	0	0	0	0	0	0	0	0	0	0	0	0	0	0	0	0	0	0	0	0	0	0	0	0	0	0	0	0	0	0	0	0	0	0	0	0	0	0	0	0	0	0	0	0	0	0	0	0	0	0	0	0	0	1	0	0	0	0	0	0	0	0	0	0	0	0	0	0	0	0	0	0	0	0	0	0	0
5:Del:R:5	0	0	0	0	0	0	0	0	0	0	0	0	0	0	0	0	0	0	0	0	0	0	0	0	0	0	0	0	0	0	0	0	0	0	0	0	0	0	0	0	0	0	0	0	0	0	0	0	0	0	0	0	0	0	0	0	0	0	0	0	0	0	0	0	0	0	0	0	0	0	0	0	0	0	0	0	0	0	0	0	0	0	0	0	0	0	0	0	0	0	0	0	0	0	0	0	0	0	0	0
2:Ins:R:0	0	0	0	0	0	0	2	1	0	0	0	0	1	0	0	1	0	0	0	0	0	0	0	0	0	1	0	0	0	2	0	0	0	0	0	0	0	0	0	1	0	1	0	0	0	0	0	0	0	0	1	0	0	0	0	0	1	1	0	0	0	0	0	0	0	0	0	0	0	0	0	0	0	0	0	0	0	0	0	1	0	0	3	0	0	0	0	0	0	0	0	0	0	0	0	0	1	0	0	2
2:Ins:R:1	0	0	0	0	0	0	0	0	0	0	1	0	0	0	0	0	0	0	0	0	0	0	0	0	0	2	0	0	0	0	0	0	0	1	2	0	1	0	0	0	0	0	0	0	0	0	0	0	0	1	0	0	0	0	1	0	0	0	0	0	0	0	2	0	0	1	0	1	0	0	0	1	1	0	0	0	1	1	0	1	0	0	1	0	0	0	0	0	2	1	0	1	0	0	0	0	0	0	0	0
2:Ins:R:2	0	0	0	0	0	0	0	0	0	0	0	0	0	0	1	0	0	0	0	0	0	0	1	0	0	0	0	0	0	0	0	0	0	0	0	0	0	0	0	0	0	1	0	0	0	0	0	0	0	0	1	0	0	0	0	0	0	0	0	1	0	0	1	0	0	0	0	0	0	0	0	0	0	0	0	0	0	0	0	0	0	1	0	0	0	0	0	0	0	0	0	0	1	0	0	0	0	0	0	0
2:Ins:R:3	0	0	0	0	0	0	0	0	0	0	0	0	0	0	0	0	0	0	0	0	0	0	1	0	0	0	0	0	1	0	0	0	0	0	0	0	0	0	0	0	0	0	0	0	1	0	0	0	0	0	0	0	0	0	0	0	1	0	0	0	0	0	0	1	0	0	0	0	0	0	0	0	0	0	0	0	0	0	1	0	1	0	0	0	0	0	0	0	0	0	0	0	0	0	0	0	2	0	0	0
2:Ins:R:4	3	0	0	7	1	1	1	4	0	0	0	5	3	6	3	1	48	13	1	1	0	6	3	9	1	1	8	0	16	7	2	8	6	3	0	8	3	0	3	23	5	12	0	0	1	1	0	10	2	2	8	12	0	3	0	20	0	13	3	3	5	1	9	6	0	9	0	9	1	2	6	10	10	1	0	0	6	17	0	2	0	5	27	0	21	0	10	28	2	0	5	3	3	1	4	1	7	10	0	0
2:Ins:R:5	0	2	2	3	2	2	1	0	0	3	0	11	1	0	1	4	0	0	1	0	0	0	2	3	1	1	0	2	5	7	0	1	2	1	0	3	2	0	1	0	1	0	0	0	2	3	2	0	0	2	1	1	1	0	0	0	2	0	1	3	4	4	0	2	0	7	0	0	0	4	2	0	3	3	0	2	0	4	2	0	2	0	6	1	1	0	1	2	1	1	0	4	0	3	1	5	1	1	1	0
3:Ins:R:0	14	77	2	1	1	39	0	2	19	4	3	22	2	4	3	26	52	19	22	20	0	34	1	7	17	30	1	0	14	0	0	0	2	10	14	27	2	5	0	7	14	0	3	0	25	14	7	81	0	3	4	2	24	6	45	2	33	1	3	50	0	0	11	20	1	2	6	3	4	1	9	3	1	3	2	31	43	6	1	40	58	1	2	7	0	6	81	2	5	9	23	0	62	11	3	34	16	8	3	0
3:Ins:R:1	0	0	0	0	0	0	0	0	0	0	0	0	0	0	0	0	0	0	0	0	0	0	0	0	0	1	1	0	0	0	0	0	1	0	0	0	0	0	0	0	0	0	1	0	0	0	0	0	0	0	2	0	0	0	0	1	0	0	0	0	0	0	0	0	0	0	0	0	0	0	0	1	0	0	0	0	0	0	0	1	0	1	0	0	0	0	0	0	0	0	0	0	0	0	0	0	0	0	0	1
3:Ins:R:2	0	0	0	0	0	0	0	0	0	0	0	0	0	0	0	0	0	0	0	0	0	0	0	0	0	0	0	0	0	0	0	0	0	0	0	0	0	0	0	0	0	0	0	0	0	0	0	0	0	0	0	0	0	0	0	0	0	0	0	0	0	0	0	0	0	0	0	0	0	0	0	0	0	0	0	0	0	0	0	1	0	0	0	0	0	0	0	0	0	0	0	0	0	0	0	0	0	0	0	0
3:Ins:R:3	0	0	0	0	0	0	0	0	0	0	0	0	0	0	0	0	0	0	0	0	0	0	0	0	0	0	0	0	0	1	0	0	0	0	0	0	0	0	0	0	0	0	0	0	0	0	0	0	0	0	1	0	0	0	0	0	0	0	0	0	0	0	0	0	0	0	0	0	0	0	0	0	0	0	0	0	0	0	0	0	0	0	0	0	0	0	0	0	0	0	0	0	0	0	0	0	0	0	0	0
3:Ins:R:4	0	0	0	0	0	0	0	0	0	0	0	0	0	0	0	0	0	0	0	0	0	0	0	0	0	0	0	0	0	0	0	0	0	0	0	0	0	0	0	0	0	0	0	0	0	0	0	0	0	0	0	0	0	0	0	0	0	0	0	0	0	0	0	0	0	0	0	0	0	0	0	0	0	0	0	0	0	0	0	0	0	0	0	0	0	0	0	0	0	0	0	0	0	0	0	0	0	0	0	1
3:Ins:R:5	0	0	0	0	0	0	0	0	0	0	0	0	0	0	0	1	0	0	0	0	0	0	1	0	0	0	0	0	0	0	0	0	0	0	0	0	0	0	0	0	0	0	0	0	0	0	1	0	0	0	1	0	0	0	0	0	1	0	1	0	0	0	0	0	0	0	0	0	0	0	0	0	0	1	0	0	0	2	0	0	1	0	0	1	0	0	0	0	0	0	0	0	1	3	0	0	1	0	0	0
4:Ins:R:0	1	0	0	0	0	0	0	0	1	0	0	0	0	0	0	0	0	0	0	0	0	0	0	0	0	0	0	0	1	1	0	0	0	0	0	0	0	0	0	0	0	0	0	0	0	0	0	0	0	0	0	0	0	0	0	0	0	0	0	0	0	0	0	0	0	0	0	1	0	0	0	1	0	0	0	0	0	0	0	0	0	0	0	1	0	0	0	0	0	0	0	0	0	0	0	0	1	0	0	0
4:Ins:R:1	0	0	0	0	1	0	0	0	0	0	0	0	0	0	0	0	0	0	0	0	1	0	0	0	0	0	0	1	2	1	0	0	0	0	0	0	0	0	0	0	0	0	0	1	1	0	0	0	0	0	0	0	1	0	1	0	0	0	0	0	0	0	0	0	0	0	0	0	0	0	0	0	0	0	0	0	0	0	0	1	0	0	1	0	0	0	0	0	0	0	0	0	0	0	1	0	1	0	0	0
4:Ins:R:2	0	0	0	0	0	0	0	0	0	0	0	0	0	0	0	0	0	0	0	0	0	0	0	0	0	0	0	0	0	0	0	0	0	0	0	0	0	0	0	0	0	0	0	0	0	0	0	0	0	0	0	0	0	0	0	0	0	0	0	0	0	0	0	0	0	0	0	0	0	0	0	0	0	0	0	0	0	0	0	0	0	0	1	0	0	0	0	0	0	0	0	0	0	0	0	0	0	0	0	0
4:Ins:R:3	0	0	0	0	0	0	0	0	0	0	0	0	0	0	0	0	0	0	0	0	0	0	0	0	0	0	0	0	0	0	0	0	0	0	0	0	0	0	0	0	0	0	0	0	0	0	0	0	0	0	0	0	0	0	0	0	0	0	0	0	0	0	0	0	0	0	0	0	0	0	0	0	0	0	0	0	0	0	0	0	0	0	0	0	0	0	0	0	0	0	0	0	0	0	0	0	0	0	0	0
4:Ins:R:4	0	0	0	0	0	0	0	0	0	0	0	1	0	0	0	0	0	0	0	0	0	0	0	0	0	0	0	0	0	0	0	0	0	0	0	0	0	0	0	0	0	0	0	0	0	0	0	0	0	0	0	0	0	0	0	0	0	0	0	1	0	0	0	0	0	0	0	0	0	0	0	0	0	0	0	0	0	0	0	0	0	0	1	0	0	0	0	0	0	0	0	0	0	0	0	0	0	0	0	0
4:Ins:R:5	0	0	0	0	0	0	0	0	0	0	0	0	0	0	0	0	0	0	0	0	0	0	1	0	0	0	1	0	1	0	0	0	0	0	0	0	0	0	1	0	0	0	0	0	0	0	0	0	0	0	0	0	0	0	0	0	0	0	0	0	1	0	0	0	0	0	0	0	0	1	0	0	0	1	0	0	1	0	2	0	0	0	0	0	0	0	0	0	0	1	0	0	0	0	1	1	0	0	0	2
5:Ins:R:0	29	0	5	32	2	11	10	18	1	1	17	67	31	50	12	2	477	66	1	20	2	52	38	82	2	20	55	1	163	29	7	41	56	14	0	80	21	0	38	131	41	143	0	4	9	15	1	63	7	23	62	43	5	14	4	120	1	84	21	16	29	0	116	46	0	72	0	81	7	21	78	56	74	5	2	0	67	103	0	4	1	50	156	1	169	4	63	220	27	1	72	11	11	0	26	2	56	54	4	7
5:Ins:R:1	0	0	1	0	0	0	0	0	0	0	4	0	0	1	1	0	2	0	1	1	0	0	0	0	0	0	0	0	3	3	1	0	0	1	0	0	1	0	0	0	0	0	0	0	1	0	3	0	1	1	1	1	0	0	0	1	3	0	0	1	0	0	2	0	0	0	1	3	0	0	1	0	0	1	0	0	1	1	0	3	0	7	7	0	0	1	0	2	1	4	0	0	0	1	0	0	2	0	0	3
5:Ins:R:2	0	0	0	0	0	0	0	0	0	0	0	0	0	0	0	0	0	0	0	0	0	0	0	0	0	0	0	0	0	0	0	0	0	0	0	0	0	0	0	0	0	0	0	0	0	0	0	0	0	0	0	0	0	0	0	0	0	0	0	0	0	0	0	0	0	0	0	0	0	0	0	0	0	0	0	0	0	0	0	0	0	0	0	0	0	0	0	0	0	0	0	0	0	0	0	0	1	0	0	0
5:Ins:R:3	0	0	0	0	0	0	0	0	0	0	0	0	0	0	0	0	0	0	0	0	0	0	0	0	0	0	0	0	0	0	0	0	0	0	0	0	0	0	0	0	0	0	0	0	0	0	0	0	0	0	0	1	0	0	0	0	0	0	0	0	0	0	0	0	0	0	0	0	0	0	0	0	0	0	0	0	0	0	0	0	0	0	0	0	0	0	0	0	0	0	0	0	0	0	0	0	1	0	0	0
5:Ins:R:4	0	0	0	0	0	0	0	0	0	0	0	0	0	0	0	0	0	0	0	0	0	0	0	0	0	0	0	0	0	0	0	0	0	0	0	0	0	0	0	0	0	0	0	0	0	0	0	0	0	0	0	0	0	0	0	0	0	0	0	0	0	0	0	0	0	0	0	0	0	0	0	0	0	0	0	0	0	0	0	0	0	0	0	0	0	0	0	0	0	0	0	0	0	0	0	0	0	0	0	0
5:Ins:R:5	0	0	0	0	0	0	0	0	0	0	0	0	0	0	0	0	0	0	0	0	0	0	0	0	0	0	0	0	0	0	0	0	0	0	0	0	0	0	0	0	0	0	0	0	0	0	0	0	0	0	0	0	0	0	0	0	0	0	0	0	0	0	0	0	0	0	0	0	0	0	0	0	0	0	0	0	0	0	0	0	0	1	0	0	0	0	0	0	2	0	0	0	0	0	0	0	0	0	0	0
2:Del:M:1	0	0	2	0	1	0	0	0	1	0	0	0	0	0	0	0	0	1	0	1	4	0	0	1	0	2	0	0	3	3	0	0	0	0	1	0	1	1	0	0	0	1	2	0	0	0	1	1	0	1	1	0	1	0	0	0	2	0	2	1	0	1	1	1	0	2	0	1	1	1	0	0	3	0	0	0	0	0	0	1	0	1	2	1	1	2	0	0	1	2	0	1	0	1	0	0	2	0	0	3
3:Del:M:1	0	0	0	0	0	0	0	0	0	1	0	0	2	0	0	0	0	0	1	1	0	0	0	0	0	0	0	0	5	2	0	0	1	0	1	0	2	0	0	0	0	0	0	0	1	0	1	0	1	0	0	0	0	0	0	0	0	1	0	1	4	0	1	0	0	0	0	4	0	2	0	0	0	1	1	0	1	0	0	4	0	7	6	2	0	2	0	1	3	0	0	0	0	0	0	1	0	1	0	3
3:Del:M:2	1	0	0	0	1	0	0	1	0	0	0	1	0	1	0	0	0	0	1	0	0	0	2	0	0	1	0	0	1	0	2	0	0	0	0	0	0	1	0	4	0	0	0	0	0	0	0	0	0	0	1	1	0	0	1	0	0	0	0	0	2	1	2	0	0	1	0	2	0	1	0	1	0	1	0	0	0	0	0	0	0	0	0	0	0	0	0	0	3	2	0	0	1	1	1	0	2	0	0	1
4:Del:M:1	0	0	0	0	0	0	0	0	0	0	0	0	1	2	0	0	0	0	0	0	1	0	0	0	0	1	0	0	3	3	1	0	1	1	0	0	0	0	0	2	0	0	0	1	0	0	1	0	0	1	1	0	0	0	0	0	1	0	0	0	1	0	2	0	0	0	1	0	0	2	0	0	0	0	0	0	0	0	0	0	0	1	3	0	0	0	0	0	0	2	0	0	0	0	0	0	1	0	0	3
4:Del:M:2	1	0	0	0	0	0	0	1	0	0	0	0	1	0	1	0	0	0	0	0	1	0	0	0	0	0	0	0	1	0	1	0	0	0	2	1	0	1	0	0	0	0	0	0	0	0	1	0	0	2	0	0	1	0	0	1	0	0	0	0	1	0	0	0	0	0	0	0	1	0	0	0	3	0	0	0	0	0	0	0	1	1	0	0	0	0	0	0	1	1	0	1	1	0	0	0	0	0	0	0
4:Del:M:3	0	0	0	0	0	0	0	0	0	0	1	0	3	0	2	1	0	0	0	0	0	0	0	0	0	0	0	0	0	1	0	0	0	0	2	0	0	1	0	1	0	1	0	0	0	0	0	0	0	0	0	0	0	0	0	0	0	0	0	0	0	1	0	0	0	0	1	0	0	0	0	0	0	0	0	0	0	0	0	1	0	0	0	0	1	0	0	1	0	1	0	0	0	0	0	0	0	1	0	1
5:Del:M:1	10	0	11	0	13	2	4	1	9	2	19	6	16	28	11	0	8	3	30	8	0	3	2	6	11	1	0	1	73	49	18	17	14	21	0	7	26	2	0	2	1	0	4	15	9	0	32	1	38	16	9	2	5	0	0	0	62	1	4	32	35	0	27	3	1	2	0	45	1	4	5	0	2	1	0	3	8	2	0	85	3	130	138	11	4	29	1	25	29	55	2	0	4	14	14	21	10	4	2	63
5:Del:M:2	10	0	6	0	6	0	2	0	5	1	10	1	3	14	4	0	1	2	16	4	4	0	1	0	1	0	0	0	27	16	11	4	4	7	0	3	8	0	1	0	0	3	0	8	0	0	15	0	13	15	5	0	0	0	0	0	30	1	2	15	15	1	4	3	0	0	0	21	0	2	2	0	0	0	0	1	5	0	0	39	2	52	56	1	0	13	0	12	12	12	0	0	3	1	2	5	2	5	1	25
5:Del:M:3	1	0	5	0	3	1	0	0	0	1	3	1	2	6	1	0	0	0	4	0	2	1	0	0	5	0	0	0	20	12	1	1	4	4	1	0	6	0	0	0	0	0	0	3	0	1	7	0	8	6	3	0	1	0	0	0	9	0	0	7	6	0	9	0	0	1	0	6	0	1	2	0	1	0	0	2	0	0	0	13	1	20	21	1	2	11	1	7	4	13	2	0	1	3	1	0	4	0	0	14
5:Del:M:4	2	0	0	0	2	0	0	0	0	0	3	0	2	2	0	1	0	0	1	1	1	0	0	1	0	0	0	1	3	2	1	0	2	2	0	0	2	0	0	0	0	0	1	1	1	0	1	0	2	0	0	0	0	0	0	0	3	0	0	2	1	0	1	0	0	0	0	3	0	0	0	1	0	0	0	0	1	0	0	8	1	6	3	0	0	1	0	1	0	0	0	0	0	0	0	4	2	1	0	5
5:Del:M:5	2	0	0	0	0	0	1	0	1	0	1	0	0	2	4	0	0	1	2	0	0	0	0	0	2	0	0	0	2	3	0	0	0	2	0	0	1	0	0	0	0	0	0	1	1	0	2	0	2	0	0	0	0	0	0	0	1	0	0	1	2	0	1	0	0	0	1	1	0	0	1	0	0	0	0	0	0	0	0	1	0	7	12	1	0	2	0	0	2	1	0	0	0	1	1	1	0	1	1	2
