MutationType	ID83A	ID83B	ID83C	ID83D	ID83E	ID83F
1:Del:C:0	0.33936519	0.00000013	0.01902593	0.01728698	0.00204348	0.00237857
1:Del:C:1	0.09573799	0.00209558	0.00454323	0.03160610	0.00002628	0.00010787
1:Del:C:2	0.00204336	0.00018168	0.00104506	0.00458536	0.00000000	0.00000004
1:Del:C:3	0.01053836	0.00000000	0.00023807	0.00882005	0.00154365	0.00008182
1:Del:C:4	0.01487861	0.00029188	0.02481771	0.00098782	0.00277734	0.00005126
1:Del:C:5	0.00000000	0.00233378	0.00000001	0.00028891	0.01257549	0.00130242
1:Del:T:0	0.10714728	0.00256107	0.00226466	0.02400867	0.00341233	0.01333515
1:Del:T:1	0.04115195	0.00147799	0.00257751	0.01048309	0.00018615	0.00032134
1:Del:T:2	0.08372607	0.00000000	0.00047176	0.01047605	0.00913111	0.00058396
1:Del:T:3	0.12468095	0.00018388	0.00083120	0.00037816	0.01641253	0.00459894
1:Del:T:4	0.09307262	0.00271470	0.00654688	0.00552017	0.03714976	0.00147543
1:Del:T:5	0.00000062	0.00000003	0.00000036	0.00000093	0.84459217	0.00000184
1:Ins:C:0	0.00000021	0.00000018	0.00000002	0.00301964	0.00000003	0.00000009
1:Ins:C:1	0.00000017	0.00000015	0.00000001	0.00262398	0.00000002	0.00012256
1:Ins:C:2	0.00000012	0.00000014	0.00000009	0.00154961	0.00000247	0.00000006
1:Ins:C:3	0.00000000	0.00010251	0.00022631	0.00024060	0.00077717	0.00010778
1:Ins:C:4	0.00011579	0.00234255	0.00000001	0.00016758	0.00130310	0.00146280
1:Ins:C:5	0.00002369	0.02674301	0.00000006	0.00004891	0.00742070	0.00078991
1:Ins:T:0	0.01223182	0.00144373	0.00000269	0.00233728	0.00041547	0.00137888
1:Ins:T:1	0.00850525	0.00000000	0.00157988	0.00739420	0.00001218	0.00023599
1:Ins:T:2	0.00302293	0.00029202	0.00076806	0.00021249	0.00076900	0.00003301
1:Ins:T:3	0.00242320	0.00370407	0.00009202	0.00116825	0.00072012	0.00066297
1:Ins:T:4	0.00024266	0.01888943	0.00031988	0.00092743	0.00222123	0.00528894
1:Ins:T:5	0.00075393	0.89628177	0.00000044	0.00277812	0.00000004	0.00000038
2:Del:R:0	0.01249673	0.00012617	0.00233993	0.00779920	0.00103704	0.00050173
2:Del:R:1	0.00356480	0.00028880	0.00210169	0.00879034	0.00232418	0.03041129
2:Del:R:2	0.00148989	0.00000003	0.00044483	0.00045385	0.00089291	0.00000000
2:Del:R:3	0.00000001	0.00029378	0.00000003	0.00000000	0.00084192	0.00000003
2:Del:R:4	0.00000000	0.00019526	0.00000002	0.00000000	0.00066550	0.00062660
2:Del:R:5	0.00000007	0.00000010	0.00000000	0.00104646	0.00009720	0.00009382
3:Del:R:0	0.00308708	0.00001509	0.00027866	0.01295227	0.00050216	0.00000003
3:Del:R:1	0.00370802	0.00552600	0.00142607	0.00010962	0.00600953	0.00058031
3:Del:R:2	0.00082869	0.00000003	0.00000000	0.00013994	0.00329084	0.00009961
3:Del:R:3	0.00015891	0.00021955	0.00000003	0.00026686	0.00000007	0.58110079
3:Del:R:4	0.00000039	0.00000046	0.00000024	0.00000026	0.00000030	0.00000048
3:Del:R:5	0.00000078	0.00000012	0.00000005	0.00028509	0.00000009	0.00000021
4:Del:R:0	0.00169417	0.00038379	0.00000000	0.00710425	0.00000000	0.00051586
4:Del:R:1	0.00478401	0.00004651	0.00001544	0.00156853	0.00221431	0.00000000
4:Del:R:2	0.00085667	0.00000002	0.00004978	0.00000000	0.00023195	0.00011752
4:Del:R:3	0.00000008	0.00000016	0.00010085	0.00000005	0.00016614	0.00000012
4:Del:R:4	0.00000039	0.00000046	0.00000024	0.00000026	0.00000030	0.00000048
4:Del:R:5	0.00000030	0.00000025	0.00000010	0.00019614	0.00000015	0.00000024
5:Del:R:0	0.00011986	0.00024791	0.00113483	0.26063406	0.00063922	0.00031120
5:Del:R:1	0.00006071	0.00001276	0.00000057	0.00057373	0.00348882	0.00000002
5:Del:R:2	0.00000008	0.00000003	0.00000002	0.00024872	0.00089999	0.00000005
5:Del:R:3	0.00000039	0.00000046	0.00000024	0.00000026	0.00000030	0.00000048
5:Del:R:4	0.00000016	0.00000019	0.00000024	0.00000011	0.00000060	0.00031129
5:Del:R:5	0.00000039	0.00000046	0.00000024	0.00000026	0.00000030	0.00000048
2:Ins:R:0	0.00180875	0.00030199	0.00032274	0.00170662	0.00006979	0.00000001
2:Ins:R:1	0.00276223	0.00000000	0.00000000	0.00083605	0.00051420	0.00000391
2:Ins:R:2	0.00045788	0.00006449	0.00018499	0.00030120	0.00077864	0.00000026
2:Ins:R:3	0.00025401	0.00029345	0.00005693	0.00010938	0.00038482	0.00085170
2:Ins:R:4	0.00000002	0.00041008	0.09861798	0.00079794	0.00540229	0.00000000
2:Ins:R:5	0.00028117	0.02054654	0.00000080	0.00078474	0.01103233	0.00028756
3:Ins:R:0	0.00000021	0.00000015	0.00089412	0.00000002	0.00033157	0.34632567
3:Ins:R:1	0.00164413	0.00000002	0.00027102	0.00052384	0.00003347	0.00000002
3:Ins:R:2	0.00000026	0.00000018	0.00000007	0.00026258	0.00000010	0.00000044
3:Ins:R:3	0.00000010	0.00046063	0.00000006	0.00000011	0.00000004	0.00000006
3:Ins:R:4	0.00000027	0.00000022	0.00000007	0.00024152	0.00000011	0.00000022
3:Ins:R:5	0.00029340	0.00144452	0.00000000	0.00000120	0.00123470	0.00051708
4:Ins:R:0	0.00038960	0.00000036	0.00000000	0.00099223	0.00000000	0.00022511
4:Ins:R:1	0.00057393	0.00057207	0.00000000	0.00129753	0.00000000	0.00043643
4:Ins:R:2	0.00000027	0.00000028	0.00000015	0.00010791	0.00000018	0.00000029
4:Ins:R:3	0.00000039	0.00000046	0.00000024	0.00000026	0.00000030	0.00000048
4:Ins:R:4	0.00000006	0.00029220	0.00000003	0.00017405	0.00011794	0.00006517
4:Ins:R:5	0.00050039	0.00104164	0.00009102	0.00086149	0.00078954	0.00000000
5:Ins:R:0	0.00000077	0.00000059	0.82141625	0.00000476	0.00000016	0.00000027
5:Ins:R:1	0.00050509	0.00000001	0.00090281	0.01430380	0.00097822	0.00000001
5:Ins:R:2	0.00024879	0.00000018	0.00000009	0.00000008	0.00000014	0.00000025
5:Ins:R:3	0.00005832	0.00000004	0.00000053	0.00000000	0.00042671	0.00000009
5:Ins:R:4	0.00000039	0.00000046	0.00000024	0.00000026	0.00000030	0.00000048
5:Ins:R:5	0.00000023	0.00000007	0.00000004	0.00018973	0.00038597	0.00000011
2:Del:M:1	0.00542765	0.00155287	0.00052926	0.00492996	0.00030644	0.00045915
3:Del:M:1	0.00085710	0.00042422	0.00000000	0.01207276	0.00033125	0.00010507
3:Del:M:2	0.00191102	0.00074939	0.00039728	0.00204861	0.00382831	0.00005036
4:Del:M:1	0.00196951	0.00006119	0.00038869	0.00540204	0.00000004	0.00000003
4:Del:M:2	0.00274385	0.00095435	0.00000000	0.00046901	0.00055373	0.00035950
4:Del:M:3	0.00254492	0.00065908	0.00054091	0.00041269	0.00000000	0.00000001
5:Del:M:1	0.00000000	0.00000021	0.00170970	0.29955891	0.00537057	0.00026738
5:Del:M:2	0.00000014	0.00007687	0.00009810	0.12262223	0.00000000	0.00000010
5:Del:M:3	0.00130880	0.00028663	0.00032987	0.05883608	0.00033178	0.00104811
5:Del:M:4	0.00047153	0.00080573	0.00000000	0.01604981	0.00000000	0.00000002
5:Del:M:5	0.00046949	0.00000013	0.00000000	0.01501999	0.00000078	0.00000014
