MutationType	ID83A	ID83B	ID83C	ID83D	ID83E	ID83F	ID83G	ID83H	ID83I	ID83J	ID83K	ID83L	ID83M	ID83N	ID83O	ID83P	ID83Q	ID83R	ID83S	ID83T
1:Del:C:0	5.6051938572992686e-46	0.002789947771145762	1.9580343746383733e-07	3.189042820395116e-06	3.83658351665872e-07	0.7642734050750732	0.0018165195278470492	0.0	1.3372669627642608e-06	0.024370597974530027	0.2951442889869213	0.008629594008949654	0.025573861598968507	0.025847381811485094	0.038637244313690644	0.014297079667448998	0.045200863414720516	7.349305178649957e-07	3.2607815228402616e-06	2.8204462068970314e-06
1:Del:C:1	0.000248440308496356	1.3863103504263564e-06	0.0	0.0	4.3654723924646534e-08	0.023723439276000135	0.0010837878100574017	0.0	0.0	0.014641971378659946	0.1855693131685257	0.20201575011014938	0.1364033376710722	0.010213130712509155	0.08925181925296784	0.036808998415244785	0.0229409449667628	0.02175639201886952	0.025835130883115197	0.04889798690309135
1:Del:C:2	8.825929640465801e-08	1.1244407716048954e-07	9.44450443046918e-05	2.2563662902541636e-07	0.0	0.0015885352421264542	0.0008607454638195122	1.2614666431431942e-07	1.2031605621132257e-06	0.0021325690869105074	0.0067164806721052624	0.007344575348975013	0.00020333810412012098	3.26710548392839e-08	0.002130542844525962	0.00018343565752729774	0.007000399587241191	5.923092885495862e-07	2.4898000106077234e-08	0.011797801346619962
1:Del:C:3	0.0	0.0002336233388632536	0.0005811964394524694	0.0006076668015623454	1.2420900748111308e-05	0.002732435497455299	0.004746443033445758	0.00024994849227368834	0.001067012920975685	0.011840573186054826	0.012193369958549739	0.042996926419436934	0.004247422143816948	0.007129535277636023	0.004247254226356745	0.0037297921371646225	0.028298746957443655	0.01611011102795601	0.0014306092238257407	0.03428507487697061
1:Del:C:4	1.6727665297366912e-08	9.675964065536392e-08	1.4180205099023624e-08	3.565911441683056e-08	0.0	0.007274805995120914	0.0	0.0001863912171756965	0.0007366406731307507	0.005675229609960297	0.008265887200832368	0.026095722396985366	0.02460554323577071	0.0027393518379540184	0.011058368359226734	0.0	0.0005115047097206116	0.007175241637253293	7.920660573290661e-06	0.0
1:Del:C:5	2.763331686139736e-07	8.90081338411619e-08	0.0034938133221281476	0.0007631086220499129	8.690947197464994e-08	2.645324087779954e-07	0.0	0.0	2.558197138569085e-08	1.9382789560040691e-07	4.6662336217195843e-08	0.0012049747396758903	0.0027090463479225945	0.07612406071275472	0.011465330803662254	0.009795724917756843	1.1680163709115732e-06	0.024751848595394678	0.010268154010049102	0.008288542530499399
1:Del:T:0	0.0	0.00015173092251643538	0.00022559270728388136	1.4012984643248171e-46	0.0005260056969518701	0.03681768964463572	0.0020716690458357336	0.012651363387703896	0.03375075329095125	0.01917851436883211	0.053773320838809015	0.27227289928123355	0.11798700839281082	0.03577932119369507	0.06191530227661133	0.01951691508293152	0.05470551718026399	0.01865696882305201	0.047751627117395404	0.01864205738529563
1:Del:T:1	1.1108560897810093e-07	1.4012984643248171e-46	2.3499024450757134e-07	8.758241847317549e-08	1.7123759477044587e-07	1.926915797412221e-06	0.0018313172878567485	2.2834856565623341e-07	0.001592763513326645	0.0005625260110889485	0.028489468875181955	0.005530981626361608	0.021268612815515554	0.014236189268297039	0.016025550017639036	0.01898523700142505	0.21343602808192372	1.5283957282008488e-07	1.0450379292592516e-06	0.00391942118139923
1:Del:T:2	1.7998486612214036e-08	0.0	0.0003139634616672993	0.0	0.0007258736088687102	0.06969120413523341	0.004356931522488594	0.0001110226134187542	0.00016752550910723585	0.0007535727228969336	0.07891879237140528	0.009201934933662415	0.06775610953200158	0.026964063453488053	0.03768707476556301	0.023291265591979027	0.059045369550585744	0.005845014957503736	0.005380855438699683	0.003543095373606775
1:Del:T:3	3.92903757528984e-08	0.00030741760856471955	0.006860699225217104	0.0004041283710478183	0.0	3.857641877402784e-06	0.0	0.0	0.0	5.983627525218414e-07	0.027234135129106107	0.015481965243816375	0.4508333921432495	0.08539996403146688	0.03118716727476567	0.00293040854714377	0.12387159653007984	0.011182483268567012	0.0025469041837034466	0.019786565005779265
1:Del:T:4	0.0	0.001959563562729727	0.030763174593448638	5.431434715319483e-08	0.00015082743484526873	0.043692525669393946	1.4012984643248171e-46	8.910249675864179e-08	1.1399638424336445e-07	0.0014534895308315754	0.02093968689441681	0.030833286792039873	0.01283573765122128	0.0003621623851358891	0.4589800231158733	0.002236402966082096	0.12057160003460013	0.028620980307459833	0.00030436195740435323	0.0014266993193814415
1:Del:T:5	5.01782324136002e-08	0.004124502595348645	0.9413314402103424	3.812546879089496e-07	0.0029531959851766486	1.1650030273813172e-07	0.0022882174387632405	1.053532708539251e-06	0.0018209569156169892	6.897844968989375e-07	0.011767690973101708	0.004504537168929801	8.410599434682809e-08	0.45689400732517244	0.020410015174343245	0.019841335649834944	0.012807668279856443	5.6466956721124005e-06	0.01003024156821084	0.0831542326412091
1:Ins:C:0	1.2047103887802279e-07	1.4968396726544598e-07	0.0	4.260107459685969e-07	4.2403349311825875e-07	8.911789848298212e-08	0.0009714024374261499	2.0985890785141237e-06	0.0020933110034093262	0.0043373642941929805	2.1857393051050167e-08	0.0019481133406657135	7.572934066502057e-08	5.053797849541297e-07	0.000521366766898268	6.2379374980992e-05	0.0010702345262856739	0.0006617052014917136	4.252464556486757e-07	0.003813346868452072
1:Ins:C:1	0.0	1.578377606392678e-08	0.00011726149622859339	1.427438860446273e-08	1.4547639970885484e-06	0.0019917891329356507	7.675924571231008e-05	3.5107726148453366e-05	0.0011398009082768112	0.0027798004063100735	0.0002680950033152385	0.0014714231307152658	0.0015147516046624787	0.0003489065862368079	7.691145682997558e-06	2.329532696876413e-06	1.0059311534860172e-07	1.4012984643248171e-46	0.005771317949984223	0.0010362230698146013
1:Ins:C:2	1.048878530696129e-07	1.4150695939463276e-07	1.8835473269973592e-08	6.406611603892997e-07	3.2262231108859396e-08	5.846303480439019e-07	1.4012984643248171e-46	5.751015201838072e-08	0.00020724222140415803	0.00026803422496897157	4.467407990205174e-08	0.0007680306606474118	0.00044771904485401136	5.8960178961342535e-09	9.732872911172309e-07	0.0003564996756949768	0.0008187007995900331	3.220731585429348e-07	1.222994403704547e-06	0.000980062280635252
1:Ins:C:3	5.553771753596948e-08	0.0005172843534410277	1.2990229734555214e-06	1.7163602166192505e-07	0.0	2.994287804369833e-08	0.0004901305767248231	0.0016857987623495774	2.310215876377697e-06	5.302120484884654e-08	3.090884604262101e-07	4.683238438474291e-06	6.566478162994827e-07	0.001714409807186712	7.511432391638095e-07	0.0013809052391025034	0.0006296159512658051	0.004685502090399041	2.7073401440702585e-07	0.0034188355845742534
1:Ins:C:4	0.0011939399357146386	0.000745351326339827	0.0014468579765917866	0.005518637830391526	0.0016389920347137377	0.0	0.0001945403404533863	1.4012984643248171e-46	0.00023616686230525373	0.002931565002654679	0.0	0.002815647702664137	0.005955325439572334	0.0009861108148470521	0.0095244213479873	0.008573836367577314	0.0005231785587966442	0.007179614715278148	0.0045978307415907695	0.014338446594774724
1:Ins:C:5	0.002079636172452126	2.8276261310189456e-08	0.00045484782006894876	3.697087777254637e-07	8.407790785948902e-46	6.830857500972342e-07	0.0	0.003063289318902207	0.0	0.0011835803277790546	0.0011421601009146797	3.270708248237497e-07	3.145430525819393e-07	0.04189989528210134	1.8577912442196975e-06	0.010588713515539893	6.4285359258065e-09	0.31232854425907136	0.002351807399770678	0.023929067190692876
1:Ins:T:0	0.00043536284200200724	0.0007977376240887679	2.3882898858573753e-07	0.0004765876083041576	0.0006347712616332046	0.011520955980904546	0.0006084776017814874	0.001640068043117715	0.005146075183597531	0.0038288141367956996	0.022733388375490906	0.008347142394632101	0.00012764797556883423	0.0008634761117491507	0.004307493753731251	0.0014996737444107565	0.025597766414284705	0.014969102579891569	0.008718226104974747	0.05643637338653207
1:Ins:T:1	9.769790922291577e-05	0.0028860530466772614	0.0	0.0001482152496521394	3.305634367620769e-05	0.006981990754707112	7.835944416001439e-07	1.3607722166852908e-07	0.008115430139491763	0.0	0.00582248574435198	0.00522892065346241	0.013840176537632943	1.4012984643248171e-46	0.004080303760292736	0.00724210027983645	0.012791586830280722	0.002032918343320489	0.0003193405573256314	0.008414675714448094
1:Ins:T:2	6.17546220382792e-08	4.077259347923246e-08	9.537085446265081e-06	1.903887607568322e-07	9.882352713930231e-09	0.010915989409295435	0.0	4.43504029021824e-06	9.8395612440072e-07	0.00029904115181125237	0.0017403948052447048	1.4012984643248171e-46	0.0021665314910933376	0.0003672566373865038	0.0012708999663118448	7.528092169195589e-07	0.0027687703756100746	6.998644153100031e-08	7.821330996193865e-08	0.0001676761824796813
1:Ins:T:3	0.001104708024951151	7.743668857926878e-05	1.6317991935466126e-08	3.445489653586264e-08	0.00039819610253317707	0.0004992857831098263	0.0	0.0001327397266223329	0.00017167881233461912	3.3647462441877e-05	0.002574581676572052	0.004427339218091219	0.0034260218729627923	0.0020619580678499006	0.002936495732956246	0.0041999451816082	1.4621610944232089e-08	0.019088341070573733	0.0016220463514656559	0.009003160707652568
1:Ins:T:4	0.005443752936906776	0.00036083917040059533	1.0621635055940715e-07	2.8025969286496343e-46	3.101899181956469e-08	0.0005257541153468992	0.00044543214329735293	0.0	9.032903562911087e-08	0.0014901774935424327	0.000629835482686758	0.012967932038009167	0.0033232857831080763	0.03477664492515942	0.034184242701167024	0.007587277144193649	0.001807116727650282	0.12575119286775588	0.010651713052556033	0.0245305840857327
1:Ins:T:5	0.9760854363441467	2.4210651883294076e-07	2.90519267309719e-08	1.937850839794919e-08	9.82842252028604e-08	1.7426520571461878e-06	0.000919736697778717	2.6950324354402256e-07	0.0014839259851214593	0.0007497960616081656	0.006799619058702434	2.9256552288359216e-06	2.609336002024065e-06	0.015149881334590987	0.031619138741779906	0.018529328036218647	0.0037290587991719803	0.06807795658332907	0.01709321840562552	0.1593353478927611
2:Del:R:0	0.000388767910419574	0.0	5.339089881317704e-09	4.781895910355161e-08	2.6822411172133798e-06	0.001027953065931797	0.0004902518354356289	0.0	0.0013709488324820996	0.014037715084850789	0.0125095953932032	0.02949655838574472	0.0053813191580047715	0.004570792242884636	0.0025396941419785434	0.0037248766515403987	0.01602714294567704	0.014244757685810327	0.0036342649770233493	0.006644763681106269
2:Del:R:1	7.383185322851204e-06	0.0	0.0011775015300372615	0.0004383402003441006	0.00042490320215904376	2.978414158860687e-07	0.0025062930770218374	0.0007868073356803506	0.0010097656049765646	0.03380963569507003	0.017365827882895247	0.012021283246576786	0.009719319128396364	0.025647094709989916	0.005707397376795598	0.006350417926353202	0.0010525634046643973	0.019419063912937417	0.021026475727558135	0.0006713081151247024
2:Del:R:2	1.1788600602358202e-07	0.0013474817528603467	0.001365577123942785	7.964885603257698e-05	0.00011883320985361934	0.00015412129932883544	0.0	3.334969051138614e-07	4.4883259420203105e-08	0.00026619556044806816	0.0005999494094112379	2.6459700166014954e-05	0.015058141993358731	0.0013217700288805645	2.2628290423654108e-07	0.0006948165595531463	0.0010937823770518662	0.0009797748178243637	0.00042437128517320845	0.007264044861665297
2:Del:R:3	0.0003498416139890992	0.0	0.0001651094341124093	6.862014885204088e-08	0.00012270182872100576	1.4328906786431616e-06	1.4093812694682129e-08	0.0	1.9696550452863447e-07	0.0008484517953775139	0.00021374854190696623	0.0012309900407121439	1.0364895786096895e-07	0.0	2.1403662202601482e-07	0.00034948292014220784	0.00013523962115868926	1.5866797582475555e-07	0.00036723924109622886	0.0031689129219444113
2:Del:R:4	4.4173950366399596e-05	2.839838145973772e-07	0.0006250731997852199	7.398280672532565e-08	7.433360104087683e-05	7.596494526751485e-08	0.0	0.0009697351604700088	1.2109893177125741e-08	0.0006592707708477974	1.0504323881832533e-07	0.0006518805873398037	0.0003991188567908921	0.0023293423502309452	0.0003790988833316078	0.0012882365344012215	0.0018264441285282373	0.0034571374738220583	1.8733089532929625e-07	0.0018151238310650797
2:Del:R:5	8.997614333594584e-08	9.148267698932954e-11	2.6792031349032187e-08	0.00040960297596370765	1.5629558347995953e-06	5.5718085434364187e-08	0.0014504806749357612	0.0002847049385309219	0.00026403159133678853	0.002740009976469082	1.6340827642125076e-07	0.0015973587911844334	1.4406326727112172e-07	8.31329496577382e-05	8.401962304560584e-07	1.8511716461944162e-07	0.0007187352639192568	8.481412407945755e-08	0.0011394804485643562	0.0007979607864626814
3:Del:R:0	7.37896286295836e-09	0.00018698410131037235	0.00026980951661244036	0.0008622897003562002	0.001394298919740322	0.00024058772251009942	0.013946640236281383	0.0004638833182680102	0.0007153395563364029	0.002072927355766296	0.004184781014919281	0.026644046884030104	8.864642040862236e-07	0.009790371574860046	0.0008849034663853672	0.0032280005514621736	0.03410016493871808	0.0025968725766233546	1.9178694401489338e-07	0.03981184810400009
3:Del:R:1	0.0011119165148187448	0.009711332333336032	0.0	2.0217646792275446e-07	0.0	0.0	0.004545270465314388	0.009992089937941272	0.002981409803032875	0.009457864297371544	0.02068869309457	4.8762183723738415e-06	8.820981747703626e-07	0.0035458866112549003	4.893779191661452e-07	0.5255845661965168	7.444562072578264e-07	0.04586240188218653	0.10611480847001076	1.4012984643248171e-46
3:Del:R:2	0.0013303684333180854	0.0	0.0022442807406719114	0.0	0.0005816809648536037	1.34800086470932e-07	0.0	0.0	0.00012680452491622418	0.001442042551934719	0.0	0.0	8.824126011575117e-05	0.0	0.0	0.00211791698820889	0.0	0.009193696826696397	0.00347849770259927	0.0024763353168964384
3:Del:R:3	0.0005072264428747531	6.312391853668942e-08	6.400763266078969e-08	3.4783063718180077e-08	8.082705065248774e-08	3.6084407533110153e-07	0.0	0.0	2.592976500181976e-08	2.8025969286496343e-46	0.0026075440342125944	0.0006529017967466189	0.00037965363858916135	0.0007781193387273788	3.687921719119913e-07	0.002514340617922528	2.737830114938333e-05	0.004598222766071558	0.00045733109193761833	0.00026821024386123324
3:Del:R:4	3.288591358341364e-07	3.2265931082520183e-07	2.3237136019815808e-07	5.808769827808646e-07	3.9687603425875295e-08	3.746700954820881e-07	1.88071295070813e-07	3.293672364179656e-07	1.2463445564492304e-07	2.263837128424484e-07	2.4484835776661383e-07	9.446613233876633e-07	9.349044830742059e-07	3.6798739486698653e-07	1.3230106446826539e-06	1.038354992033419e-06	6.302104452515778e-07	8.725979938617456e-07	8.30281040009595e-07	3.6619129986092955e-07
3:Del:R:5	3.288591443606492e-07	3.2265928524566333e-07	2.323713786722692e-07	5.808769941495484e-07	3.9687602537696876e-08	3.746701068507718e-07	1.8807127908360143e-07	3.2936723783905106e-07	1.246344748295769e-07	2.2638373415873047e-07	2.4484836416149845e-07	9.446612637020734e-07	9.349045541284795e-07	3.679873650241916e-07	1.3230107271056114e-06	1.0383550858250602e-06	6.302105077793385e-07	8.725980734425321e-07	8.302810257987403e-07	3.661912600705364e-07
4:Del:R:0	0.0	0.0	0.0	1.923742729559308e-07	0.00032161526775666973	0.0006699215366779754	0.0008416677354034618	4.680367965193e-07	0.0019129495020024478	0.002207610837649554	0.0008117889985442162	0.014461813680827617	0.0017463352449340163	0.002229499779696198	0.01072351005859673	0.0	0.002580386477632146	0.0029202513037375867	0.01172034591436386	0.0006454992317685537
4:Del:R:1	0.0007971587716046003	0.0	0.0011421655741287394	0.0	0.00011193378719553948	1.4012984643248171e-46	0.00014901019167155028	0.0	0.00020546464679682686	0.0015143012395128607	0.0025187596678733827	0.006697409019943734	0.014419317369947749	0.0072473716922104355	1.2611686178923354e-45	1.8344646832701982e-07	0.013202034495770931	0.0038411832988231253	0.0023219240693748587	0.014755467690690693
4:Del:R:2	0.00045006435196057735	9.281145485999787e-05	3.621620535909642e-05	5.9109200071816305e-05	3.7496352632615526e-05	0.0006320401094853878	0.0013947480911156163	0.001100575200325693	0.0015529170515947044	0.0009682622621767223	0.00011106618867415819	0.0005810261704027653	0.0021492580665665173	0.0010888074524700642	0.0	0.000803035032004118	0.0	0.001993333362042904	0.0	0.002898897789418697
4:Del:R:3	5.3463744364989904e-08	0.9422353982925415	1.2641160225257407e-07	3.556995480380465e-07	7.360511915521783e-08	2.5595788883947533e-07	7.006492321624085e-46	0.3111763730039456	1.5329015923271072e-07	7.888507070674678e-07	0.010928178500623175	1.7546419257996603e-06	1.1114244216514634e-06	5.648450020601104e-07	0.03221005432687889	1.1041438915254664e-05	5.242146210093779e-06	9.685639611234364e-07	0.46366683695196115	6.311467132036342e-07
4:Del:R:4	1.045746707006856e-07	0.013721132444703046	2.3124328798473926e-07	0.951829481124878	0.10611013660518438	3.987401498761756e-07	3.6335927973141223e-07	7.88931035414872e-44	2.580077641312073e-07	7.590341226659802e-07	8.799417855698266e-07	3.226387434551725e-07	1.23747836369148e-06	4.928556933236905e-07	0.0149914054901501	2.9893133842051613e-06	1.7210656835686677e-06	1.5469671649448458e-06	0.01204419658037068	0.157038744449369
4:Del:R:5	3.288591642558458e-07	3.2265929590380437e-07	2.3237136588249995e-07	5.808769856230356e-07	3.968759809680478e-08	3.746700954820881e-07	1.8807130217624035e-07	3.293672577342477e-07	1.2463447554011964e-07	2.2638371994787575e-07	2.4484836842475487e-07	9.44661286439441e-07	9.349044972850606e-07	3.679873792350463e-07	1.323010641840483e-06	1.0383549636117095e-06	6.302105077793385e-07	8.725979654400362e-07	8.302810201143985e-07	3.661912550967372e-07
5:Del:R:0	9.067994000133694e-09	1.1447784089568814e-07	7.627366002793679e-07	3.253481111187284e-07	1.0701886594688496e-07	1.992772297398915e-07	1.6143500397447495e-05	6.226941877685022e-07	0.7419371485710144	0.16660725756928513	0.0038945562971690606	0.0021248349662755573	4.588103780633901e-06	0.0021223492489298224	8.24475932859059e-07	3.541760406733374e-06	0.043470289187212074	4.853592523090811e-06	0.022142009336299395	0.002984382110207662
5:Del:R:1	5.351915035589627e-08	3.1636850117422456e-08	0.0011399381061977464	0.0004656730097352124	0.0	0.00017647128984208394	4.1792673073359764e-07	9.910300207138789e-08	9.296898184629754e-09	0.0028775981510989366	0.0007962223824904413	0.000750023918453735	0.0026955258101224898	0.0002706139135966623	0.0014453758369199932	0.006712703972522149	0.002115550303498992	2.9450031888700325e-07	0.0004011786117047222	0.004801873480425911
5:Del:R:2	8.074210384734215e-08	0.00011769066016569241	5.067353983818634e-05	2.777263340192349e-07	6.270860275492396e-10	0.00012851732092258316	0.0	0.00015474864505904407	8.265536166618404e-08	0.0	0.00012239592615514994	0.0011043621509287504	0.0005342503103207719	0.0008133374154567719	5.168674022115738e-07	0.00010891605730307674	0.0009545330195862789	0.0005474804434925318	0.000572884105265814	0.0007564918964590106
5:Del:R:3	3.288591415184783e-07	3.2265929590380437e-07	2.3237136019815808e-07	5.808769941495484e-07	3.96876000507973e-08	3.746701054296864e-07	1.8807129436027027e-07	3.2936725062882034e-07	1.2463446950050638e-07	2.263837359350873e-07	2.448483826356096e-07	9.44661289281612e-07	9.349044660211803e-07	3.6798736431364886e-07	1.3230107356321241e-06	1.0383550744563762e-06	6.302104736732872e-07	8.725980109147713e-07	8.302810385885095e-07	3.661912188590577e-07
5:Del:R:4	3.288591443606492e-07	3.2265929590380437e-07	2.323713729879273e-07	5.80877014044745e-07	3.968759436645541e-08	3.746701551676779e-07	1.880713082158536e-07	3.2936729397192723e-07	1.2463445209220936e-07	2.2638372669803176e-07	2.4484835918769933e-07	9.446612693864154e-07	9.349044717055222e-07	3.679874005513284e-07	1.3230106617356796e-06	1.0383550090864446e-06	6.302104907263128e-07	8.725980507051645e-07	8.30280988850518e-07	3.661912408858825e-07
5:Del:R:5	1.6322798259693628e-07	8.384776106780123e-05	9.333240669207044e-08	4.8103076221650556e-05	1.0603518063589945e-08	1.7934673195441065e-07	1.294446597910337e-07	9.678868717344358e-05	7.463145550445915e-08	9.048337901162995e-08	1.5041204903809557e-07	6.533784429052503e-07	3.461224110878902e-07	2.7028458404743105e-07	8.217394082521424e-07	5.552202878789103e-07	1.712781653395723e-07	0.0003073154515504939	0.00028946122807127495	0.000623188374850514
2:Ins:R:0	1.992469318423673e-07	7.924642053330723e-07	2.093365438327055e-07	5.681185519912369e-07	6.886770620440075e-08	4.2323926834342275e-07	3.9744125643892405e-07	0.6402958840131759	1.5754984019622498e-07	2.675725678358276e-07	6.870434390293667e-07	9.915573514263087e-07	1.1176286591307872e-06	6.130929648406891e-07	9.747676699589646e-07	4.48774734422841e-06	0.0005462839343749693	1.1474401617306285e-06	0.02587161947415666	1.3029301953793037e-06
2:Ins:R:1	5.6326172881426825e-08	0.0	2.184334991284231e-06	6.985929772440613e-08	0.0	0.006105169798320276	0.00011662894412438618	7.152794478315627e-06	1.6451642750325846e-07	0.008109690085984767	0.010643463723656054	0.0019038980826735497	0.0023224859964102508	0.0	1.99672945200291e-07	0.006384576996788382	6.987680762904347e-07	0.007354812496194541	0.005097742378711701	0.010118224845501799
2:Ins:R:2	2.0741222144238237e-07	8.453112627648807e-08	8.769549120586362e-05	0.00014243171219732175	0.0003742257656995207	2.392378348758939e-08	0.0	0.0008140804246068	0.002225070366262116	0.0008311258445218072	0.0015651060574736419	0.0005111152431254596	2.3128814063966274e-07	0.0010633878409862518	0.00031092795703671074	0.002404485367469533	0.0002937082666903734	0.002714677061885595	0.0001238844052352306	0.00021026995360102775
2:Ins:R:3	1.5490345037960652e-05	1.6245040725948457e-07	4.9174610717273025e-05	5.2671043704322076e-08	8.040970982392537e-08	2.354586207786724e-07	1.1386394049850423e-08	2.7598522933658386e-08	5.1280255775054687e-08	0.0	8.653056937646397e-09	4.362530779644657e-06	0.0005663587678284898	0.0076304693473502995	0.00040333715760993983	1.5299657233924792e-05	0.00017428377838086818	0.0013698920141905547	9.826488650332975e-07	0.00430812321063172
2:Ins:R:4	0.0021819457818196496	8.85132874827832e-05	1.0481397976036532e-05	0.0005944489501416683	0.0001709888346056232	0.0002615537290694192	0.0	0.00014695276030067815	0.0003656966611742973	0.0009873087517917156	8.431802853010595e-05	0.0008442369289696217	3.251368241308228e-08	0.003545782435685396	0.008265606919303536	0.0012368615716695786	0.0004577603715006262	0.00014461459359154104	1.3817788158121402e-07	0.007410959713160992
2:Ins:R:5	0.004192466188624166	0.005288923707396975	0.0009083922645316989	0.00020457239040236886	0.0	6.140314781077905e-08	0.002018031493912531	0.0031698677688837052	0.0009564023872968619	0.0004482309716081545	0.002530616149306297	0.0055435637359153135	0.014100756047457707	0.019022263896658842	0.030266829952597617	1.4012984643248171e-46	4.146955120631901e-07	0.11754329288069129	0.0048397999256849285	0.06587287685833872
3:Ins:R:0	1.1348075226180754e-07	1.7065863815446393e-07	7.988985508688984e-08	2.0215435654336033e-07	3.40563987265341e-05	2.0389529424846843e-07	0.001161258826786593	2.1041370530383573e-07	4.921140838831662e-07	7.474016115338599e-07	0.00014227084053430872	6.592259069293505e-07	4.101066906514461e-07	0.00016048470725138486	1.162581841640531e-06	0.00033874257592572123	0.0005747288580508325	3.217659894971803e-07	1.3680294152607076e-06	8.59318717516544e-08
3:Ins:R:1	2.107606178469723e-08	5.479026704762191e-05	0.0005299215335980989	1.3344336480258789e-08	3.7610544723065684e-08	0.00021691858633801075	0.0	0.0	0.0	0.0	0.0014546623268586246	1.5882188790783404e-07	0.0026239910977892576	0.0022305534388207702	6.295163609593146e-05	0.0011714619049428166	0.002881192765198648	0.0036996321618971706	4.883118159320077e-05	5.549538400373421e-07
3:Ins:R:2	2.6003799113993864e-07	8.38185372913358e-06	6.274262197791813e-07	2.6257747478553026e-07	1.1617994317703051e-07	1.6800934901084475e-07	2.04430520511778e-08	6.743501543837737e-08	1.2352143130556215e-07	1.834759046914769e-07	1.2632040338189655e-07	2.8816656936214715e-07	3.520036301551954e-07	0.0014914028246820975	0.0005389379784476844	0.0020916801345634895	2.5033403403540435e-07	0.00045836014970745964	0.0031391526476738816	0.00018031446550708096
3:Ins:R:3	2.804838175052282e-07	2.1208851919141125e-07	1.46504090992039e-07	4.6334167507211533e-07	1.7405093721833963e-08	2.670939352356072e-07	0.000150525207788732	3.5877737332157266e-07	5.393373996298578e-07	9.231477804405586e-08	0.000491454297736027	8.896046722384199e-07	8.051016322951909e-07	2.7362646619621956e-07	1.154081962795317e-06	1.8105880201346736e-06	0.0002444110256078602	1.0460200485340466e-06	5.237662335844107e-07	3.275778894362702e-07
3:Ins:R:4	2.02516215708215e-07	9.827808196405385e-05	0.0	2.2441169775788694e-07	9.26207998297457e-08	2.920997374644685e-07	0.0	0.0008076937115220062	1.0336596005799947e-07	0.0006595233674971723	0.0003848045752135931	3.608007460798035e-07	6.294282883345659e-07	6.896001320200185e-05	0.0004082093239730966	0.00027372539939278794	3.6554337157213013e-07	0.0002089532123875415	0.0005819255644524901	0.0004278854674257815
3:Ins:R:5	5.068784075454857e-05	0.00508942271117121	8.506379090249539e-05	1.7300086483373888e-07	1.7222385508830485e-07	3.294520155350256e-07	1.622758986741246e-07	0.00010690225871030634	3.4013808090094246e-07	0.0	0.00041059092837940624	0.0038296197340059734	0.003005179008530945	5.630181249216548e-07	7.005842803664563e-08	0.01648055492551066	0.007657759454319006	0.0022959436231758446	0.049202148165636575	0.00509276311196345
4:Ins:R:0	6.035915376401135e-08	1.2028724221124777e-07	0.0	0.0004289685334782689	0.0004396211987341303	6.873519933918715e-05	0.00034524007131722103	4.15541589404711e-07	0.00016389444512441287	0.0012944335758220404	9.879539660602177e-05	0.00020116582603577627	6.410988873994939e-07	0.0	4.164496353098457e-07	1.8724044075213443e-07	0.00027329522052923496	0.0003622097031211524	0.0011024722902433838	0.0007119800922737341
4:Ins:R:1	0.0014666867878986522	0.0007377933710813522	0.00033065329764809804	0.0008031187868638767	1.1440828728837005e-07	2.7975403253321928e-05	0.0	0.00013015504829922976	0.0	0.003851741645485163	0.0033329492434859276	0.00023758604656904937	0.00248044072650373	0.0014666330302134157	2.8025969286496343e-46	0.0	0.0006374252028763294	0.0018231155681746713	1.9339747723279288e-07	0.019070209562778474
4:Ins:R:2	3.2885913867630736e-07	3.2265930514085996e-07	2.323713744090128e-07	5.808770083604031e-07	3.968759596517657e-08	3.7467009974534447e-07	1.8807130537368265e-07	3.293672207860254e-07	1.2463447127686322e-07	2.2638372456640355e-07	2.4484834995064373e-07	9.44661289281612e-07	9.349044830742059e-07	3.6798739344590103e-07	1.3230107128947567e-06	1.038354932347829e-06	6.302104623046034e-07	8.725979824930619e-07	8.302810172722275e-07	3.6619126291270733e-07
4:Ins:R:3	1.1390326157822983e-07	1.6979788100002225e-07	1.2126459481009988e-07	3.293679213811629e-07	1.289072599785492e-08	1.112768043753931e-06	1.6422834647755735e-08	2.1143697779280046e-07	3.732898079533697e-09	3.2120817650138635e-08	8.905241766967719e-05	0.00021278735838450302	0.0002982136552418524	0.0010021265146974655	0.0014313712723236448	7.570217292141024e-07	2.921204384165321e-07	1.956040202344411e-06	6.879166491557953e-06	6.173982711743519e-08
4:Ins:R:4	2.2415402778364069e-07	1.7453410663392788e-07	0.0003023158637560641	3.016369056751955e-07	2.63858133564554e-08	3.024661366168857e-06	1.0932825915688227e-07	1.677709633440827e-07	1.0073593017523308e-07	1.8298742929800937e-07	9.360096342447832e-08	5.643968151503032e-07	5.67535568762878e-07	2.2470385374617763e-07	6.769214159874082e-07	7.141680015365637e-07	1.6277112990792375e-07	4.542375421578981e-07	2.9906401977086716e-07	2.995636002367519e-07
4:Ins:R:5	2.2165290679154736e-05	2.2413324529679812e-08	0.000355639944206132	2.9737452678091358e-08	1.4736963180439489e-06	0.0007297799369851532	0.0	0.0	0.0009318862397890371	0.0008065103501664339	0.002434973052004352	0.0007171436245698715	0.002219428552473346	0.006215977442860776	0.0013154877349734306	3.114502242169692e-05	0.00023775338194127472	0.0008312595010693258	0.004120811277999792	0.0004379048041300848
5:Ins:R:0	3.8722489961173776e-07	9.7359599635638e-07	1.1205919507872863e-07	0.0352390827054478	0.8807689309120178	7.247582729519308e-07	5.668077449172415e-07	1.3782605492451694e-07	0.0008185444106516115	7.265907100994739e-07	4.345016975548788e-07	0.004387696722363899	6.970218720425691e-07	3.9989242566207396e-07	9.80104249492797e-07	1.9237616015743698e-07	1.2205183423930067e-07	6.671034952887567e-07	0.012511668703066903	0.004748010639502809
5:Ins:R:1	0.0001794476579831894	0.0	1.383007509048184e-06	3.15991854904496e-09	0.0	0.0	0.011130074225366115	0.0012230388645548373	0.0004036632366478443	0.014800290227867663	0.011062560835853219	0.009573934273794294	8.203670404327567e-07	0.00852492479607463	1.3270440604173928e-07	0.006524117769254189	0.006943210411316158	0.008099705690983682	0.003155801829416305	0.0075180655345320705
5:Ins:R:2	1.0821955243045522e-07	6.427257943641962e-08	1.2641201152518988e-08	1.7490647294948757e-07	1.1903549257397117e-08	7.53934904196285e-07	0.00012761494447204312	0.0008493990495139769	0.0	0.0	0.0026158570050029083	0.0007382645200664228	6.333498276944738e-07	0.0012567194601956545	3.085286169834944e-06	0.00273822229866596	0.0002448257558171463	1.0575544592938968e-06	1.032608838613669e-06	0.0006789777928361218
5:Ins:R:3	1.1235094916628441e-07	2.2273379869375275e-07	2.4013849042603395e-08	2.2521940579167677e-08	0.00018334061381324317	0.00041761433753890743	0.0	1.237534945630614e-08	0.0	8.357127398994634e-08	3.2481407274076446e-05	0.0008596844408089055	0.0027196418844596336	0.0001497218978400383	0.001701495060225966	0.0014341709001769233	1.52044242440752e-07	0.0006065427325665951	0.002669500685223625	0.002829995041594202
5:Ins:R:4	3.288591500449911e-07	3.2265929732488986e-07	2.323713786722692e-07	5.808769827808646e-07	3.968760218242551e-08	3.7467008837666074e-07	1.8807129436027027e-07	3.293672463655639e-07	1.2463446417143586e-07	2.2638372421113218e-07	2.4484836558258394e-07	9.446612978081248e-07	9.349045171802572e-07	3.679873699979908e-07	1.3230106333139701e-06	1.0383550488768378e-06	6.302105191480222e-07	8.725980137569422e-07	8.302810201143985e-07	3.6619130270310054e-07
5:Ins:R:5	1.5122257233102231e-07	6.0435264322222794e-05	2.5750190957296583e-08	1.8921511610869856e-07	1.1634310226327216e-08	1.9289466948180234e-07	0.0003186835621704631	1.3154254858704916e-07	4.17001604091638e-07	7.054620994040306e-08	0.0006180784118726024	0.00024518897933489825	6.629019253523438e-07	0.0004982141095418058	1.002603490540821e-06	0.0011147813472405232	0.0008983541325449096	5.475104927654683e-07	0.0008879799666829058	0.0
2:Del:M:1	5.5548245148884236e-05	2.1896700275192416e-08	1.0074859207520604e-05	0.0	0.0005439293146196178	0.0008451182035059901	0.0015711513337464567	0.0	0.0015747815370559693	0.006684930723326943	0.0012555895797049742	0.0116167813539505	0.006518943880610095	0.0021461366675794126	0.005445300880819559	0.004726568983028301	0.02794975214542319	0.001149993808940053	0.002220429852604866	0.021676992059519763
3:Del:M:1	0.0001155920416735512	0.0009072483633644878	9.588309012542596e-07	6.156120576861212e-07	1.430492318377219e-07	1.8781911137466523e-08	0.001188150002128907	0.0	0.01826584741439774	0.004501363709823636	0.0197848251205869	0.009549031151675536	0.0001262403339978846	0.0004638298414647579	0.002462483650742797	0.009231086613942808	0.0029017984867095946	0.0073419705033302305	0.009183476858615336	0.025962572451680897
3:Del:M:2	3.9593223348788343e-07	0.0016899170354008675	0.0007140014640754089	0.00016898125767994543	0.0	0.0	0.0034769340217621902	0.006608396613029299	0.00198866599239409	0.006515410216525197	0.00478468646363126	0.0025120235979557036	0.008449528031133014	0.007690501166507602	0.0	0.001372616105072666	0.0034918731078505518	0.023319593199994416	0.00022350158542394638	0.011999207874760031
4:Del:M:1	3.098247418620303e-08	6.321162135236591e-05	0.0	0.0	0.00030977437247940997	0.0	0.005669359069111124	0.00010890897652584552	0.005441764846909791	0.004855287191458046	0.0008588126860558986	0.0024474425497373886	0.00045210087433531496	0.002825967513615524	0.0011208460546640708	0.013312309364039265	0.0023664504406042397	0.0012547129647373367	0.005614945172851549	0.00031472004775423557
4:Del:M:2	2.0617527241029167e-09	5.726033897701655e-07	0.00045159436743347214	2.636158043856085e-07	5.327059188857675e-05	0.0037745590466784053	0.0005101914263519802	1.3088253183468624e-07	0.0	0.0013086083577945828	0.0029628172180650838	1.2821811807839366e-07	0.0018762143328785897	0.000709729006726434	0.00201334566809237	0.004521182197575513	3.7114402857696404e-07	0.0011417553823548587	0.00031512100728150474	0.0030162692070007323
4:Del:M:3	2.6620543280841957e-08	0.0028529224326632628	0.0	4.769677767058056e-06	1.9498594070910258e-05	2.2003642641266196e-08	7.631340395164444e-08	1.0688452675822191e-06	0.0	5.0734843171085234e-08	0.00600636015794862	4.0699494192608653e-07	0.0008703424812438243	0.0	2.617496988932544e-07	0.13836490074172617	0.0009867581695232274	0.013612887999315149	0.018358288093975262	5.76420777065323e-07
5:Del:M:1	2.7274187459624953e-07	6.008857837969117e-07	0.0	2.119032387781772e-07	1.5877271550834848e-07	1.6168482375178428e-07	0.8000455379486084	1.4012984643248171e-46	0.03470516019060597	0.18421159602821718	0.04950371262041244	8.17717558447839e-06	9.333890375273768e-07	1.1073941323047621e-06	1.8225644851099787e-06	8.205685418261055e-07	0.022697572017136736	1.592084936419269e-06	1.2816880598620628e-06	4.910135828595231e-07
5:Del:M:2	1.987406761827515e-07	1.34853178224148e-07	0.00022376231648308932	9.66079710451595e-08	0.0	1.5491905344333646e-06	0.05146120358258486	7.474885308056401e-07	0.07660454771285004	0.37726993709802625	1.4012984643248171e-46	0.025758273154497146	0.003545890003442764	2.130620866491739e-06	5.6051938572992686e-46	0.00395609377708297	8.471706109958177e-08	0.0010080167424348474	0.0045961414265093484	0.004099348090562671
5:Del:M:3	1.4251019564426315e-08	1.948269300555694e-07	7.073192591633415e-08	4.084226432610194e-08	1.1935510144667205e-07	0.0	0.027307332845487052	2.1941814111414716e-06	0.041417970323993816	0.025746619935853234	0.02412243668448468	0.1421044338156207	5.635286839833497e-07	0.009200904531877541	0.002877651006099313	0.005122784156242233	0.040254415515710205	3.908957529574763e-06	0.00850967527134685	0.0007361611677083602
5:Del:M:4	3.679472716413557e-05	9.240187500836327e-06	0.0003636549517977983	0.00028718777933818275	0.0007209058783587352	6.811264370298886e-08	0.018961554463021457	6.426050276786554e-07	0.0035350522957742214	0.011420514620840549	0.0028108197115329857	0.012750592781230807	6.117774660197029e-08	0.013521198369562625	0.0005355142915504984	0.008192007119760092	0.01544878325811112	0.002368945011863843	0.01867288082073628	0.011733855238253455
5:Del:M:5	0.0	0.0005930250976234674	0.0016573252156376838	0.0	0.0	0.0022682101174723358	0.026333503518253566	0.0009312531538853364	0.0007847351764326049	0.007669684971233437	0.0018371059093624353	0.0012877142056822778	1.0076773833134212e-07	0.007408101859715544	0.0004813869698864437	0.003808154582748102	0.00639064985128357	0.0024195053614676	0.014444393647136167	0.004266283521428704
