Samples	ID83A	ID83B	ID83C	ID83D	ID83E	ID83F	ID83G	ID83H	ID83I	ID83J	ID83K	ID83L	ID83M	ID83N
V1	288	83	37	2	99	53	61	57	6	0	0	12	44	0
V2	0	284	4	18	16	0	0	0	0	3	6	0	0	2
V3	77	0	91	120	0	0	0	0	0	84	0	24	0	0
V4	3	11	0	0	0	0	1	0	0	0	0	0	0	0
V5	196	26	20	17	107	76	8	0	0	35	5	6	0	0
V6	20	0	18	136	9	19	16	14	20	0	5	3	0	4
V7	157	29	7	59	0	0	33	2	0	14	22	5	16	0
V8	30	92	40	22	0	0	46	63	0	40	33	35	30	4
V9	5	2	18	3	1	0	45	0	4	0	21	17	24	0
V10	36	7	40	62	5	7	121	23	4	0	37	41	0	0
V11	22	200	198	118	105	108	76	31	7	0	5	8	0	0
V12	3	0	2	0	0	0	3	17	0	0	10	7	0	0
V13	8	19	0	6	59	42	23	11	40	0	3	0	0	0
V14	117	20	3	22	49	56	19	3	55	0	7	0	0	0
V15	133	25	39	0	0	0	26	27	0	5	28	23	3	0
V16	43	11	2	11	201	125	77	19	8	0	49	0	2	2
V17	43	6	1	0	29	12	13	19	6	0	0	7	0	0
V18	5	0	0	173	0	0	51	27	0	0	44	0	9	1
V19	16	0	10	12	3	19	0	0	10	24	0	14	0	0
V20	2	6	0	154	207	0	0	16	146	0	0	0	36	0
V21	32	17	9	15	20	28	29	20	0	0	11	0	0	0
V22	29	42	0	5	43	93	4	14	38	0	15	0	11	0
V23	6	1	0	62	0	0	1	1	0	0	3	0	3	1
V24	165	5	0	122	0	0	74	25	0	3	20	0	2	0
V25	16	0	5	108	1	0	0	18	0	6	2	6	8	0
V26	268	24	0	0	0	0	3	1	0	0	0	0	6	4
V27	1	7	8	8	44	33	44	46	4	0	110	0	0	0
V28	50	16	5	41	0	0	0	13	5	114	3	19	0	0
V29	2	0	23	0	0	0	0	10	2	0	6	7	6	0
V30	178	78	55	56	5	38	0	0	72	7	0	26	1	30
V31	0	15	5	3	101	85	19	38	6	0	15	0	27	0
V32	38	28	0	4	16	17	5	20	23	89	13	10	0	0
V33	0	0	7	2	108	46	83	15	70	0	56	3	125	0
V34	37	5	44	9	65	39	15	0	60	5	28	1	0	12
V35	23	12	6	0	0	0	139	39	0	100	71	14	27	8
V36	26	0	43	14	14	15	0	0	1	5	0	20	0	26
V37	1	5	0	2	0	0	1	0	0	4	4	4	0	2
V38	0	40	24	0	7	37	15	2	1	22	0	17	0	3
V39	34	35	2	0	0	0	19	13	4	0	13	2	2	0
V40	2	57	1	8	4	11	5	0	1	33	0	26	8	0
V41	3	31	36	0	0	8	8	0	7	2	0	19	27	0
V42	36	30	19	10	37	67	53	0	54	39	9	6	14	0
V43	2	14	0	1	22	8	3	0	5	2	4	2	0	0
V44	28	149	5	0	0	0	102	61	0	1	22	4	14	0
V45	2	34	52	0	12	5	1	0	0	10	0	30	0	0
V46	0	26	6	43	0	0	0	0	2	8	0	4	0	0
V47	0	1	41	1	0	0	69	49	0	0	25	6	22	0
V48	7	0	72	56	141	325	6	32	44	107	17	15	0	0
V49	58	156	0	4	1	0	10	30	0	0	0	0	0	0
V50	0	31	103	73	32	10	5	0	0	0	8	82	0	0
V51	0	0	127	0	58	4	2	1	41	79	0	10	0	0
V52	1	4	24	0	7	56	7	0	35	8	13	0	19	0
V53	38	4	0	1	0	19	36	4	7	0	7	4	22	7
V54	17	217	137	8	81	31	1	7	12	78	19	7	0	27
V55	47	71	5	3	3	21	40	9	6	10	52	9	20	0
V56	37	0	64	108	0	0	0	10	0	0	9	7	16	1
V57	111	49	14	6	125	40	11	23	2	0	0	3	0	19
V58	329	88	32	0	40	36	2	0	25	16	0	20	0	38
V59	0	27	4	20	54	83	36	32	25	0	0	1	0	0
V60	7	2	0	0	13	11	1	0	21	0	6	0	4	0
V61	0	40	80	0	9	35	6	0	0	30	3	22	0	0
V62	0	5	4	24	135	104	25	2	49	33	70	14	0	0
V63	0	0	11	40	143	25	54	72	132	63	76	21	9	0
V64	31	21	29	95	10	6	7	23	9	0	0	4	0	0
V65	0	7	1	0	0	0	42	36	0	0	12	0	36	0
V66	127	22	3	79	0	1	0	6	0	0	0	2	0	16
V67	19	34	0	0	0	0	0	2	0	0	0	0	0	7
V68	44	6	316	0	34	8	1	0	20	0	0	98	0	0
V69	40	4	64	0	1	1	0	0	0	2	0	14	0	5
V70	22	0	9	4	1	3	5	1	0	14	3	3	0	0
V71	9	121	6	0	76	91	200	93	11	21	68	12	0	0
V72	19	9	61	16	18	24	2	7	26	37	0	26	0	0
V73	2	0	63	24	17	0	0	15	4	18	5	4	0	0
V74	13	18	6	3	0	0	10	3	0	9	3	3	0	0
V75	12	19	44	5	22	4	7	0	18	6	2	22	0	0
V76	2	226	2	14	46	18	66	11	17	16	26	0	121	0
V77	2	0	1	4	0	0	4	0	0	0	0	2	2	0
V78	0	11	0	72	0	5	5	2	10	65	5	14	0	0
V79	108	0	34	4	7	2	0	27	1	10	12	31	0	17
V80	0	9	0	88	16	0	37	26	0	0	42	0	49	0
V81	102	85	0	1	0	0	0	0	0	0	0	0	0	21
V82	59	60	95	51	12	40	0	0	36	0	9	28	6	20
V83	22	47	30	33	0	0	29	5	0	11	21	8	0	0
V84	15	4	31	204	30	40	49	0	48	0	2	2	0	6
V85	40	18	22	90	0	86	7	45	0	9	5	9	35	22
V86	0	29	8	2	2	3	0	0	5	11	5	5	0	0
V87	96	23	10	0	21	4	9	20	37	8	0	13	0	3
V88	88	22	115	159	6	21	6	33	22	0	10	27	0	0
V89	59	49	89	0	6	3	0	3	19	13	3	30	0	8
V90	13	8	2	48	4	0	104	110	0	0	35	0	0	0
V91	10	52	5	3	37	17	6	3	3	0	14	4	0	0
V92	4	43	18	7	41	23	66	23	68	0	7	0	17	0
V93	3	120	51	34	0	27	7	10	20	6	0	8	52	0
V94	13	5	1	3	0	0	14	8	2	20	2	10	0	0
V95	17	27	0	11	33	20	26	10	36	0	6	0	0	0
V96	53	59	36	0	0	17	18	13	29	36	0	6	0	1
V97	40	4	14	0	4	5	0	0	12	0	0	8	0	4
V98	30	84	198	20	0	3	38	71	1	0	1	23	5	4
V99	358	1	0	7	61	64	15	23	11	0	20	0	10	12
V100	2	55	5	5	9	0	17	17	6	0	51	0	15	0
