MutationType	ID83A	ID83B	ID83C	ID83D
1:Del:C:0	0.15173879824578762	0.0004689290886744857	0.04317029003286734	0.07951407060027123
1:Del:C:1	0.04542879816144705	0.0007086848025210201	0.012598016310948878	0.019332968653179704
1:Del:C:2	0.0017028085771016777	0.0003095906150335281	0.0006182362425519727	0.000970475083886413
1:Del:C:3	0.005777163058519363	0.0008057848710450344	0.002378284935548436	0.003098663442506222
1:Del:C:4	0.004898497788235545	0.00012204724303614967	0.0015934718161588536	0.003656743501778692
1:Del:C:5	0.0010926907631443328	0.00014034092621102446	0.0033171078888699413	0.007619926379993558
1:Del:T:0	0.049751278944313526	0.0010488702508155256	0.009811338229337708	0.024731475859880447
1:Del:T:1	0.020620452519506217	8.5671498289841e-05	0.005653989341226407	0.009270490251947195
1:Del:T:2	0.031061085406690836	0.00010013833491271385	0.012091809313278645	0.02396168406121433
1:Del:T:3	0.04166377005167306	0.0014325269497931004	0.016314311628229917	0.030331965256482362
1:Del:T:4	0.029794671607669444	0.0029204512291471476	0.015287635358981788	0.04415027778595686
1:Del:T:5	0.0022640379797849164	0.005376765575978481	0.033676518823779845	0.4777408346533775
1:Ins:C:0	0.001904016046319157	4.50464988460908e-05	0.00010320665977925358	0.00015834728061014935
1:Ins:C:1	0.0010891185083892196	0.00016071975064697598	1.865736015460584e-07	7.297531674668178e-05
1:Ins:C:2	0.00029795596636859043	3.877721811029744e-06	9.506563795991241e-05	2.505837192465776e-05
1:Ins:C:3	0.038008879759757974	0.003023731566929655	0.016998879731909257	0.03767530207987875
1:Ins:C:4	0.0002607231594993209	7.326110917915685e-08	0.0013379172886619274	0.0008031633842620067
1:Ins:C:5	4.298574284433698e-05	0.0015821909357327968	0.02070513404905796	0.006525848968885839
1:Ins:T:0	0.005105499702040106	0.0003258371159326146	0.003721498930826783	0.002310271532041952
1:Ins:T:1	0.0053515663836151365	7.381839139952717e-09	0.0009906291874358431	0.00214762658579275
1:Ins:T:2	0.001794458826771006	1.3334292425781768e-08	0.00026950211254863634	0.0005321011264708631
1:Ins:T:3	0.0010617626502778422	3.943558688845883e-05	0.0018844071339117364	0.0007759271189570427
1:Ins:T:4	0.0010459612852201877	0.000784961579122978	0.012108338298276067	0.002534835587721318
1:Ins:T:5	0.0038755190658605445	0.039032618443386013	0.668265713006258	0.010555205261032086
2:Del:R:0	0.0101213573012501	9.946063510142266e-05	0.0021633827447658403	0.003168137714237673
2:Del:R:1	0.0053495779167860745	0.0019945941370679066	0.0012322165886871517	0.0029972297706990503
2:Del:R:2	0.0011490331089589745	0.0005347836578774689	0.00012558468574024316	0.0005546623639204995
2:Del:R:3	6.091769866056751e-05	2.539564860626342e-08	1.17482390070478e-05	0.0005512661125976592
2:Del:R:4	5.32738306446845e-07	0.07404839284718037	0.00022312709795357932	5.031180304602145e-05
2:Del:R:5	0.0007031710760202259	2.458560253160158e-08	8.821649703794066e-06	7.525537434958097e-05
3:Del:R:0	0.0057661788072437044	0.0001839152615239925	0.0006042509328487711	0.0006026027827338964
3:Del:R:1	0.002319350762991235	0.0006300672549631514	0.004123152501415461	0.003551251965109259
3:Del:R:2	0.001325868908315897	0.00019017551530851052	0.000624944013543427	0.0014965870257583446
3:Del:R:3	0.00015423746084834987	6.065871485105845e-08	0.00021884293206277938	3.531948419523978e-05
3:Del:R:4	3.8326903109009434e-07	1.8899140883377185e-07	3.6474532691954666e-07	4.272898422641447e-07
3:Del:R:5	3.8326903109009434e-07	1.8899140883377185e-07	3.6474532691954666e-07	4.272898422641447e-07
4:Del:R:0	0.004288523517607246	0.00028793226559784555	0.0006062049331376329	0.0008002059272257611
4:Del:R:1	0.0020987728144973516	0.0003119086862945153	0.0008149470202624797	0.0012169443609309383
4:Del:R:2	0.00021752415775253554	2.6181638546063367e-08	0.00010043415555860413	0.00015636067821063194
4:Del:R:3	4.766680970931247e-05	1.4181983569727664e-07	2.562870733413547e-07	3.248665585431354e-07
4:Del:R:4	3.8326903109009434e-07	1.8899140883377185e-07	3.6474532691954666e-07	4.272898422641447e-07
4:Del:R:5	2.0807863165828167e-07	1.2136022355946353e-07	2.112921233532461e-07	0.00019323486513087574
5:Del:R:0	0.10877847354859113	0.009070662275189535	0.004514163453131914	0.008322298237180803
5:Del:R:1	0.000219123883289285	0.00030797140398277636	0.0010255770932417363	0.0025148525717668237
5:Del:R:2	1.8145455563001178e-05	9.832645490792657e-05	1.7504409228763506e-07	0.0003494353071019418
5:Del:R:3	3.8326903109009434e-07	1.8899140883377185e-07	3.6474532691954666e-07	4.272898422641447e-07
5:Del:R:4	0.00019007231473677777	7.59310896256693e-05	0.00018536896300602734	0.0001623433295662835
5:Del:R:5	7.152174574542869e-06	0.2517181172966957	0.00033757190542900163	0.00021080985653423311
2:Ins:R:0	0.0008424803348852095	0.00024109880571820952	0.000803948551765643	0.0005783303766170534
2:Ins:R:1	0.0017214459061506205	1.109745548576955e-08	0.00047218296822393313	0.0004330907191615552
2:Ins:R:2	0.00024231180532900963	3.322488648649369e-08	0.0003157287368402706	0.0010034078841627547
2:Ins:R:3	0.00011407242383398852	0.0005269959001452662	0.0008504413210175699	0.0001938861285452731
2:Ins:R:4	5.1759028707465406e-08	0.00010717947764327107	0.0018080552865285427	0.00134747047153283
2:Ins:R:5	0.000901195386541076	0.0007199980551376939	0.011026871763169766	0.00829006420681253
3:Ins:R:0	0.0006517988425912335	5.3632869878583736e-08	4.107451769979065e-05	5.558457618448642e-05
3:Ins:R:1	0.000459415462334789	0.00011464154143556727	0.00029797129245707766	0.0006027968469425104
3:Ins:R:2	3.105670799641302e-07	0.00011551733932435582	1.8766405123216147e-07	2.2796201371022562e-07
3:Ins:R:3	0.13460996147081233	0.010330652116680028	0.06186204002020155	0.13047976113465296
3:Ins:R:4	0.0004204688259051181	3.92005610860835e-08	6.343792446905638e-08	1.6790445045522516e-05
3:Ins:R:5	0.0003884367386529419	0.0	0.00041046650148928164	0.0009873691314027156
4:Ins:R:0	0.000589816123318343	9.958158653233795e-09	0.00016263716324083077	0.00016233902938580513
4:Ins:R:1	0.0007052963759633712	2.2202546041327763e-05	0.0011807461356511339	0.0009852850052993745
4:Ins:R:2	1.9148013805647678e-07	0.000296953423838886	0.00011758025645889348	6.324887358619691e-05
4:Ins:R:3	1.6262369975095226e-07	1.1559704713448581e-07	4.781151731094724e-05	0.00016065895367916027
4:Ins:R:4	8.666353359387813e-08	0.0007899523479864001	9.129255698070438e-08	8.735009515703496e-08
4:Ins:R:5	0.0008658730948809534	0.0006334278565191198	0.0011551308532943949	0.0014433315023779868
5:Ins:R:0	0.000228134328205698	4.200720189473373e-08	7.148867835837791e-06	0.000184414568946778
5:Ins:R:1	0.005259494949132204	6.796038613501309e-05	0.0009689816390164197	0.001545086273108609
5:Ins:R:2	3.8326903109009434e-07	1.8899140883377185e-07	3.6474532691954666e-07	4.272898422641447e-07
5:Ins:R:3	7.1750702712591876e-09	0.0002157104915227137	0.00025631018826715034	0.00019203711949096204
5:Ins:R:4	7.758489521094702e-05	9.785185923760764e-08	4.334576596418671e-05	6.121912561738441e-05
5:Ins:R:5	0.00024004712358873803	2.819747164650721e-08	6.962775629268947e-05	1.1590679775963508e-07
2:Del:M:1	0.004110434232279659	0.00022588026340599753	0.0013692907174117862	0.000640085250051925
3:Del:M:1	0.004491909802891314	0.0012508911808254198	0.0005092909395136402	0.0006313617690466344
3:Del:M:2	0.00324663445353508	0.00040362707659369335	0.0009486255352385342	0.0013797493229503743
4:Del:M:1	0.012082298914901913	0.0007451902323076353	0.0049538795176090385	0.007898832042701542
4:Del:M:2	0.0026753685100992185	4.91027384514453e-05	0.00048300979759545725	0.0008176944782007922
4:Del:M:3	0.0014912043145034915	0.0002702006868653406	0.00018113909918611172	0.0005783915890788194
5:Del:M:1	0.13806922961957752	0.014419675245881081	0.004839316695814944	0.010494038462638855
5:Del:M:2	0.05570312675554305	0.008371201809495687	0.0013028227410472938	0.005397631248342805
5:Del:M:3	0.02195232013473287	0.002341646974673495	0.0007299530538148246	0.002037289990052926
5:Del:M:4	0.01263765711337328	0.5596476197242737	0.0015970455773640425	0.0024334053781558396
5:Del:M:5	0.0067708697173657125	2.0322946261153164e-05	0.001272887764207553	0.0033971387310884893
